30
31
35
36
41
63
68
77
96
100
105
111
134
142
143
157
160
173
177
184
195
195
199
207
218
223
228
230
237
250
267
277
284
297
298
325
333
337
354
362
376
385
393
396
397
397
409
420
425
439
448
452
452
457
500
511
517
518
532
540
556
568
570
583
588
608
618
628
637
658
667
667
669
680
690
694
695
697
700
703
706
716
722
724
749
756
775
791
792
797
806
825
829
836
839
865
904
907
908
913
949
966
972
975
1015
1042
1052
1056
1063
1068
1068
1078
1118
1124
1126
1157
1157
1170
1209
1232
1242
1266
1327
1331
1364
1368
1373
1390
1394
1410
1412
1417
1417
1422
1422
1430
1433
1439
1441
1441
1459
1467
1479
1496
1507
1521
1525
1533
1536
1543
1548
1564
1564
1565
1577
1580
1597
1606
1608
1617
1634
1648
1651
1652
1654
1660
1663
1676
1691
1705
1705
1709
1717
1732
1746
1761
1763
1771
1780
1793
1816
1832
1842
1850
1864
1864
1874
1881
1904
1961
1961
1964
1968
1980
1989
1989
1997
2008
2021
2022
2032
2037
2045
2058
2060
2064
2065
2070
2086
2095
2123
2131
2139
2146
2163
2164
2177
2184
2187
2226
2237
2241
2256
2269
2270
2272
2292
2299
2309
2332
2334
2396
2408
2408
2410
2443
2449
2463
2466
2497
2523
2534
2545
2549
2555
2567
2573
2574
2606
2625
2632
2634
2653
2655
2673
2681
2690
2701
2703
2710
2730
2731
2736
2759
2760
2767
2769
2789
2791
2791
2836
2838
2838
2855
2866
2894
2894
2895
2899
2911
2937
2948
2974
2975
2986
2997
3017
3032
3043
3052
3056
3075
3077
3094
3096
3099
3101
3108
3117
3127
3142
3151
3152
3153
3160
3166
3169
3180
3186
3186
3191
3197
3206
3232
3239
3276
3279
3304
3318
3323
3336
3341
3342
3346
3367
3390
3418
3438
3445
3453
3454
3458
3479
3479
3522
3546
3547
3570
3580
3585
3606
3615
3619
3633
3646
3654
3666
3717
3723
3724
3733
3734
3739
3755
3756
3759
3784
3789
3815
3815
3817
3850
3858
3874
3874
3909
3938
3943
3951
3968
3988
3990
4005
4007
4023
4024
4028
4038
4044
4056
4125
4127
4139
4151
4160
4161
4191
4193
4219
4221
4235
4240
4252
4263
4266
4268
4271
4298
4303
4307
4318
4321
4330
4337
4337
4341
4345
4376
4383
4389
4392
4417
4422
4423
4432
4449
4467
4479
4493
4495
4499
4499
4507
4515
4519
4534
4534
4561
4564
4599
4599
4605
4606
4628
4642
4663
4669
4670
4670
4679
4700
4704
4709
4722
4734
4741
4745
4746
4798
4813
4823
4839
4845
4849
4869
4895
4899
4903
4905
4909
4928
4934
4947
4947
4947
4951
4986
4995
4996
4997
5004
5013
5015
5016
5022
5024
5026
5040
5054
5056
5064
5065
5070
5081
5093
5102
5106
5134
5145
5155
5172
5174
5194
5201
5212
5237
5245
5256
5275
5286
5331
5337
5342
5387
5396
5397
5414
5422
5429
5435
5475
5485
5487
5489
5504
5521
5522
5528
5533
5543
5579
5594
5595
5600
5604
5618
5620
5620
5621
5630
5664
5670
5671
5690
5704
5707
5713
5716
5719
5739
5753
5774
5800
5801
5803
5813
5815
5832
5863
5875
5881
5888
5891
5907
5908
5912
5925
5940
5958
5959
5960
5981
5982
6004
6017
6038
6042
6056
6066
6073
6086
6092
6113
6122
6177
6181
6193
6203
6205
6214
6217
6220
6225
6229
6232
6233
6252
6262
6274
6326
6355
6369
6372
6387
6392
6402
6408
6413
6419
6442
6493
6510
6533
6547
6549
6562
6568
6572
6578
6582
6587
6588
6591
6599
6608
6613
6616
6619
6640
6643
6645
6645
6667
6673
6695
6697
6699
6717
6735
6746
6765
6773
6783
6785
6802
6803
6804
6814
6825
6828
6832
6856
6864
6864
6877
6907
6908
6912
6913
6917
6923
6936
6938
6948
6950
6954
6965
6967
6989
7028
7031
7047
7076
7109
7148
7150
7175
7191
7220
7225
7226
7238
7263
7277
7290
7298
7302
7302
7306
7327
7354
7356
7370
7370
7375
7395
7409
7414
7417
7425
7449
7475
7482
7483
7495
7533
7540
7545
7569
7584
7586
7594
7611
7612
7624
7628
7629
7638
7640
7650
7654
7662
7671
7677
7681
7697
7698
7701
7724
7737
7753
7753
7777
7795
7816
7822
7828
7831
7836
7855
7863
7868
7883
7887
7889
7891
7903
7926
7932
7990
7996
8005
8005
8014
8016
8020
8023
8024
8026
8027
8040
8051
8055
8060
8072
8076
8079
8086
8089
8091
8098
8104
8104
8117
8127
8128
8129
8130
8145
8147
8152
8153
8169
8169
8171
8172
8179
8192
8205
8233
8249
8257
8280
8312
8325
8337
8339
8356
8362
8373
8378
8379
8401
8405
8408
8417
8427
8438
8449
8462
8467
8470
8476
8478
8489
8496
8496
8511
8515
8524
8546
8548
8551
8560
8563
8577
8578
8579
8587
8596
8603
8615
8616
8625
8654
8659
8663
8671
8674
8686
8702
8713
8728
8738
8741
8759
8759
8763
8791
8804
8805
8809
8830
8854
8856
8857
8884
8893
8894
8898
8922
8943
8954
8962
8974
8989
9005
9034
9057
9079
9090
9101
9115
9121
9123
9154
9161
9163
9167
9183
9185
9187
9202
9235
9239
9240
9264
9277
9288
9318
9329
9331
9334
9344
9345
9350
9352
9353
9377
9391
9405
9408
9414
9416
9423
9431
9446
9449
9459
9462
9463
9473
9475
9477
9477
9480
9481
9483
9494
9505
9507
9508
9518
9523
9527
9535
9560
9567
9573
9588
9595
9600
9611
9626
9649
9660
9674
9685
9704
9710
9712
9719
9730
9735
9756
9764
9775
9785
9795
9806
9841
9855
9857
9859
9862
9863
9875
9884
9891
9897
9900
9909
9915
9946
9953
9973
9977
9982
10024
10044
10049
10052
10054
10060
10078
10080
10088
10115
10119
10133
10137
10138
10148
10155
10158
10189
10198
10199
10207
10219
10236
10236
10243
10245
10265
10302
10305
10307
10310
10334
10337
10339
10347
10358
10388
10399
10427
10427
10429
10433
10439
10450
10453
10458
10461
10497
10520
10525
10536
10538
10540
10544
10557
10562
10573
10574
10574
10589
10592
10605
10625
10642
10658
10661
10671
10675
10682
10716
10720
10723
10753
10767
10775
10781
10805
10815
10864
10865
10872
10874
10875
10882
10883
10893
10910
10923
10925
10938
10940
10954
10959
10970
10971
10972
10976
10980
10984
11000
11004
11009
11016
11026
11041
11055
11061
11071
11090
11096
11119
11124
11129
11132
11132
11134
11135
11137
11153
11170
11186
11186
11188
11189
11193
11208
11210
11215
11216
11219
11219
11221
11222
11227
11230
11230
11237
11239
11241
11272
11273
11275
11275
11277
11279
11321
11327
11336
11345
11374
11376
11393
11406
11407
11436
11453
11459
11464
11470
11477
11490
11503
11506
11511
11520
11530
11541
11558
11626
11627
11637
11639
11687
11699
11706
11715
11716
11716
11729
11735
11740
11765
11765
11766
11766
11784
11785
11816
11825
11842
11844
11846
11856
11865
11866
11876
11882
11893
11908
11918
11918
11919
11921
11939
11955
11970
11998
11999
12012
12033
12047
12047
12048
12058
12060
12065
12071
12071
12078
12079
12092
12121
12126
12138
12141
12143
12151
12157
12167
12175
12183
12193
12200
12245
12272
12275
12299
12305
12309
12314
12330
12339
12343
12360
12384
12392
12404
12426
12434
12442
12443
12445
12447
12459
12489
12502
12512
12538
12550
12552
12559
12560
12565
12582
12591
12596
12597
12599
12637
12641
12649
12650
12660
12662
12662
12662
12671
12672
12676
12684
12705
12706
12712
12714
12733
12739
12761
12764
12768
12774
12789
12807
12807
12821
12848
12853
12854
12862
12868
12892
12921
12973
12977
12982
12983
12992
12997
13038
13039
13041
13047
13047
13060
13064
13096
13113
13132
13152
13159
13164
13172
13197
13201
13201
13202
13240
13251
13255
13262
13269
13273
13293
13313
13315
13317
13321
13322
13332
13334
13334
13338
13359
13368
13374
13395
13417
13454
13455
13455
13461
13472
13486
13486
13486
13488
13503
13512
13513
13518
13519
13533
13541
13552
13554
13562
13576
13595
13603
13617
13632
13647
13698
13702
13719
13722
13729
13736
13745
13746
13770
13792
13793
13797
13803
13809
13823
13829
13842
13862
13867
13876
13878
13882
13890
13897
13899
13900
13904
13932
13936
13941
13958
13965
13974
13975
14004
14007
14012
14037
14040
14053
14059
14065
14066
14068
14071
14082
14085
14089
14107
14111
14130
14138
14167
14176
14182
14184
14199
14201
14204
14232
14234
14259
14262
14269
14276
14278
14281
14298
14314
14315
14321
14331
14352
14352
14388
14395
14399
14400
14401
14401
14402
14402
14407
14410
14413
14413
14422
14426
14434
14442
14460
14468
14491
14500
14505
14521
14522
14526
14529
14546
14554
14576
14590
14592
14619
14620
14620
14622
14626
14644
14650
14653
14667
14673
14682
14705
14709
14715
14738
14747
14764
14776
14783
14787
14814
14818
14826
14853
14863
14871
14887
14892
14906
14909
14909
14951
14985
15019
15021
15036
15038
15045
15048
15049
15073
15084
15090
15104
15106
15131
15165
15171
15172
15174
15184
15215
15235
15244
15249
15251
15263
15273
15277
15288
15305
15317
15332
15341
15374
15400
15405
15412
15418
15426
15442
15446
15450
15471
15475
15495
15505
15505
15507
15527
15530
15534
15546
15551
15558
15559
15589
15610
15615
15616
15619
15678
15679
15690
15690
15705
15708
15712
15736
15740
15740
15762
15762
15772
15788
15800
15812
15815
15836
15853
15873
15886
15906
15906
15945
15946
15952
15959
15960
15961
15967
15972
15987
16015
16019
16038
16039
16040
16058
16081
16087
16092
16095
16114
16116
16124
16128
16130
16143
16144
16154
16157
16166
16172
16173
16179
16187
16192
16200
16201
16216
16218
16228
16232
16238
16239
16249
16271
16274
16280
16287
16289
16293
16305
16307
16308
16311
16311
16335
16337
16340
16343
16343
16358
16374
16376
16381
16384
16392
16415
16421
16426
16443
16470
16471
16481
16504
16506
16515
16516
16540
16563
16565
16569
16570
16575
16591
16604
16606
16615
16619
16625
16630
16632
16651
16660
16704
16707
16711
16727
16745
16746
16747
16761
16769
16778
16780
16813
16836
16840
16841
16843
16850
16855
16860
16863
16869
16872
16873
16895
16930
16932
16946
16951
16956
16961
16968
17014
17017
17042
17059
17074
17078
17082
17083
17085
17092
17115
17118
17122
17123
17130
17140
17155
17155
17155
17161
17189
17191
17197
17198
17209
17220
17247
17251
17254
17255
17264
17265
17272
17273
17285
17291
17295
17314
17348
17354
17356
17357
17363
17368
17382
17387
17388
17391
17399
17421
17431
17437
17458
17460
17466
17470
17472
17483
17493
17499
17501
17523
17531
17569
17571
17582
17607
17613
17619
17621
17622
17642
17649
17653
17659
17674
17676
17680
17724
17750
17750
17782
17798
17805
17815
17845
17850
17855
17874
17879
17896
17910
17914
17914
17929
17936
17954
17971
17972
17976
17980
18003
18014
18016
18020
18051
18061
18083
18089
18098
18101
18102
18107
18110
18121
18142
18152
18155
18158
18172
18183
18189
18202
18208
18208
18231
18238
18248
18249
18250
18262
18277
18283
18292
18293
18297
18307
18314
18316
18321
18329
18341
18342
18346
18347
18351
18358
18362
18372
18380
18406
18418
18426
18435
18445
18457
18461
18476
18476
18491
18511
18520
18533
18558
18574
18577
18579
18587
18621
18622
18630
18633
18635
18681
18682
18686
18732
18737
18751
18754
18793
18796
18802
18808
18826
18851
18855
18873
18896
18897
18902
18903
18917
18918
18931
18944
18948
18955
18960
18965
18966
18968
18971
18983
19006
19012
19041
19053
19055
19061
19075
19089
19098
19099
19102
19103
19107
19108
19109
19116
19117
19124
19129
19131
19145
19177
19184
19208
19214
19221
19232
19235
19242
19245
19249
19264
19266
19271
19294
19296
19296
19306
19306
19324
19350
19354
19368
19383
19385
19389
19394
19394
19407
19411
19419
19426
19431
19451
19454
19454
19481
19500
19504
19507
19527
19533
19545
19564
19568
19586
19588
19594
19607
19620
19636
19636
19636
19643
19672
19677
19689
19701
19708
19714
19718
19735
19759
19759
19792
19806
19812
19814
19819
19833
19852
19863
19880
19882
19888
19903
19904
19926
19965
19967
19980
19993
19994
20003
20021
20027
20034
20035
20060
20069
20089
20102
20116
20119
20120
20120
20135
20142
20153
20160
20162
20163
20170
20177
20191
20209
20216
20231
20241
20255
20261
20278
20278
20285
20297
20336
20339
20340
20354
20368
20382
20410
20413
20431
20453
20471
20473
20481
20501
20506
20518
20521
20525
20539
20591
20607
20610
20622
20633
20644
20649
20658
20678
20692
20693
20697
20713
20714
20720
20728
20753
20770
20776
20782
20783
20789
20808
20809
20812
20832
20840
20843
20860
20873
20887
20905
20910
20919
20944
20944
20947
20957
20960
20977
20980
21002
21015
21027
21033
21034
21035
21038
21046
21062
21068
21096
21097
21107
21108
21110
21126
21138
21150
21164
21179
21190
21205
21210
21220
21225
21231
21231
21244
21260
21262
21276
21303
21325
21338
21359
21381
21388
21395
21397
21404
21410
21413
21413
21413
21418
21420
21441
21447
21478
21481
21486
21511
21531
21534
21537
21541
21555
21582
21585
21587
21600
21600
21618
21621
21638
21641
21647
21651
21652
21656
21667
21669
21680
21681
21684
21698
21714
21716
21732
21742
21770
21802
21804
21808
21829
21832
21838
21838
21844
21846
21854
21857
21868
21873
21879
21904
21922
21958
21961
21973
21975
21978
21982
21983
21990
22004
22036
22036
22039
22041
22055
22056
22061
22062
22067
22070
22104
22113
22119
22124
22168
22173
22184
22185
22188
22191
22196
22197
22200
22218
22224
22255
22256
22267
22273
22281
22297
22301
22302
22324
22343
22370
22372
22380
22395
22412
22441
22443
22450
22464
22485
22493
22501
22518
22525
22534
22545
22558
22569
22570
22596
22598
22600
22602
22626
22632
22633
22642
22647
22652
22666
22697
22730
22746
22747
22755
22758
22771
22774
22807
22819
22839
22848
22859
22872
22876
22884
22886
22888
22938
22948
22959
22970
22994
23000
23016
23016
23033
23052
23090
23091
23110
23115
23121
23130
23155
23158
23163
23179
23184
23187
23195
23197
23209
23214
23217
23220
23224
23246
23247
23258
23265
23266
23272
23276
23285
23288
23291
23291
23294
23298
23356
23368
23369
23383
23386
23407
23423
23429
23433
23436
23443
23463
23484
23501
23517
23537
23538
23585
23616
23618
23636
23648
23655
23675
23678
23683
23689
23695
23700
23703
23708
23709
23711
23732
23750
23763
23780
23794
23796
23806
23808
23825
23837
23853
23853
23875
23876
23887
23888
23897
23898
23901
23924
23957
23970
23986
24007
24038
24044
24062
24063
24064
24066
24070
24075
24096
24106
24120
24130
24137
24139
24150
24157
24179
24189
24196
24201
24225
24239
24274
24278
24306
24307
24314
24329
24332
24335
24344
24356
24380
24389
24430
24440
24448
24461
24475
24490
24493
24501
24505
24505
24508
24510
24516
24523
24535
24535
24559
24574
24581
24590
24600
24613
24622
24623
24623
24626
24632
24639
24644
24645
24645
24664
24666
24685
24700
24711
24714
24720
24757
24758
24767
24774
24777
24783
24805
24812
24821
24833
24851
24859
24861
24862
24867
24887
24891
24900
24901
24902
24914
24919
24923
24945
24951
24965
24967
24969
24990
24993
25002
25026
25034
25049
25057
25085
25090
25101
25141
25152
25188
25202
25204
25211
25216
25228
25243
25269
25302
25306
25316
25323
25330
25335
25352
25384
25389
25406
25428
25455
25457
25491
25505
25513
25517
25520
25521
25525
25528
25535
25536
25553
25563
25579
25590
25591
25607
25608
25625
25655
25661
25670
25672
25683
25683
25700
25701
25707
25710
25719
25766
25767
25774
25780
25785
25823
25826
25835
25839
25839
25847
25889
25894
25898
25904
25916
25928
25931
25972
25984
25997
26008
26013
26014
26014
26020
26030
26036
26053
26067
26067
26074
26083
26084
26087
26110
26111
26122
26124
26142
26155
26161
26169
26174
26175
26193
26194
26209
26218
26233
26236
26236
26258
26263
26263
26267
26269
26275
26278
26294
26310
26343
26344
26353
26377
26378
26382
26386
26390
26391
26397
26399
26413
26413
26429
26431
26432
26434
26437
26446
26460
26467
26513
26523
26531
26531
26543
26575
26584
26588
26595
26608
26613
26621
26621
26676
26678
26691
26734
26762
26763
26770
26770
26808
26815
26824
26842
26847
26847
26870
26878
26904
26922
26922
26932
26935
26982
26983
27001
27012
27020
27020
27042
27043
27068
27082
27104
27114
27117
27119
27131
27136
27180
27181
27202
27209
27209
27212
27270
27285
27287
27296
27304
27332
27352
27367
27369
27375
27377
27383
27386
27389
27398
27406
27415
27422
27423
27424
27427
27430
27442
27442
27452
27453
27455
27458
27459
27460
27461
27493
27502
27512
27517
27522
27529
27534
27536
27553
27555
27555
27557
27570
27578
27580
27604
27642
27654
27656
27663
27668
27673
27693
27699
27700
27719
27727
27754
27770
27790
27814
27818
27819
27820
27825
27834
27847
27851
27872
27873
27875
27876
27886
27887
27914
27939
27939
27958
27966
27975
27988
28015
28016
28036
28048
28073
28074
28077
28080
28089
28091
28093
28099
28115
28119
28123
28151
28161
28163
28173
28183
28218
28222
28229
28241
28247
28250
28260
28265
28276
28282
28285
28299
28308
28309
28337
28382
28400
28401
28409
28445
28445
28449
28463
28463
28465
28469
28508
28531
28548
28553
28554
28565
28565
28576
28595
28622
28623
28627
28633
28658
28660
28680
28710
28713
28720
28721
28763
28773
28786
28788
28800
28840
28845
28845
28846
28861
28865
28905
28944
28948
28960
28965
28967
28971
28979
28987
28994
29002
29007
29008
29011
29017
29035
29049
29055
29059
29068
29069
29081
29082
29085
29093
29112
29114
29145
29152
29161
29173
29176
29192
29194
29199
29217
29251
29274
29275
29284
29294
29310
29311
29321
29323
29336
29344
29347
29347
29358
29359
29370
29403
29432
29443
29446
29447
29470
29474
29489
29499
29501
29514
29518
29520
29526
29533
29534
29544
29548
29565
29568
29578
29579
29587
29590
29593
29593
29594
29610
29622
29638
29648
29652
29659
29677
29684
29696
29697
29705
29708
29713
29718
29752
29755
29774
29837
29845
29855
29860
29902
29905
29924
29948
29952
29965
29976
29982
30004
30004
30006
30036
30036
30063
30068
30092
30100
30128
30128
30131
30136
30141
30154
30167
30171
30178
30178
30197
30220
30233
30244
30250
30259
30260
30268
30271
30300
30317
30334
30340
30348
30359
30362
30364
30371
30386
30386
30387
30393
30395
30400
30417
30424
30436
30437
30439
30451
30454
30465
30487
30512
30523
30524
30530
30533
30535
30541
30547
30548
30557
30560
30582
30605
30617
30635
30666
30673
30687
30692
30696
30696
30699
30701
30719
30725
30734
30737
30748
30749
30759
30765
30776
30784
30792
30800
30804
30820
30835
30855
30877
30878
30893
30913
30922
30933
30934
30934
30936
30946
30952
30953
30953
30974
30978
30995
31015
31016
31017
31019
31047
31047
31055
31089
31097
31104
31116
31132
31138
31155
31157
31163
31175
31193
31197
31210
31225
31232
31250
31255
31262
31264
31269
31277
31297
31311
31318
31328
31329
31330
31331
31340
31380
31385
31401
31402
31406
31411
31449
31469
31470
31473
31477
31500
31521
31526
31543
31546
31547
31568
31573
31578
31592
31599
31603
31606
31606
31636
31662
31669
31677
31697
31732
31746
31748
31749
31770
31801
31816
31827
31836
31837
31839
31842
31854
31861
31887
31902
31904
31922
31935
31944
31947
31953
31963
31965
31968
31973
32002
32008
32012
32016
32023
32023
32043
32047
32047
32051
32077
32103
32110
32111
32131
32145
32151
32155
32213
32234
32253
32257
32275
32279
32280
32290
32299
32300
32341
32350
32350
32353
32356
32359
32361
32373
32380
32392
32392
32419
32466
32469
32475
32494
32526
32540
32544
32546
32547
32548
32550
32560
32569
32583
32591
32604
32615
32622
32633
32637
32646
32670
32709
32715
32746
32787
32791
32820
32833
32840
32867
32867
32876
32884
32911
32914
32921
32923
32948
32996
33030
33036
33037
33046
33052
33052
33054
33058
33088
33097
33099
33102
33117
33134
33151
33185
33188
33191
33197
33219
33231
33236
33244
33256
33286
33296
33298
33313
33341
33347
33357
33370
33378
33392
33399
33407
33414
33429
33433
33451
33465
33473
33475
33477
33481
33486
33506
33507
33519
33528
33530
33532
33532
33551
33552
33559
33561
33563
33571
33573
33588
33606
33615
33621
33662
33669
33701
33716
33724
33725
33745
33748
33754
33769
33781
33786
33813
33820
33824
33825
33828
33832
33836
33844
33846
33866
33876
33888
33898
33902
33903
33915
33916
33936
33938
33959
33961
33965
33993
33996
34001
34005
34012
34035
34043
34047
34064
34082
34092
34111
34116
34116
34118
34127
34135
34141
34145
34162
34165
34176
34182
34182
34193
34194
34228
34239
34250
34252
34255
34258
34270
34271
34275
34297
34326
34329
34329
34338
34346
34354
34365
34371
34406
34409
34418
34420
34425
34434
34453
34454
34455
34472
34488
34490
34502
34503
34503
34519
34534
34536
34539
34579
34583
34591
34602
34606
34614
34614
34639
34643
34652
34654
34662
34703
34705
34707
34714
34716
34739
34758
34764
34782
34785
34787
34790
34798
34802
34819
34851
34853
34857
34870
34880
34891
34896
34930
34930
34931
34937
34958
34969
34996
35001
35016
35020
35025
35046
35066
35068
35070
35071
35076
35094
35101
35113
35127
35146
35148
35156
35159
35165
35170
35171
35172
35175
35179
35180
35193
35210
35226
35228
35236
35266
35269
35273
35301
35311
35311
35329
35336
35347
35349
35363
35368
35382
35418
35473
35473
35523
35527
35537
35567
35580
35584
35591
35599
35599
35611
35612
35616
35627
35629
35644
35645
35656
35660
35663
35665
35667
35670
35680
35705
35735
35757
35769
35770
35777
35787
35798
35806
35817
35821
35830
35843
35845
35849
35887
35922
35932
35939
35944
35952
35963
35984
35990
35993
35999
36000
36006
36009
36009
36025
36027
36028
36054
36071
36078
36095
36095
36097
36102
36110
36126
36126
36128
36141
36153
36175
36175
36203
36213
36224
36227
36236
36251
36283
36292
36297
36303
36305
36312
36315
36331
36338
36342
36345
36350
36354
36360
36370
36380
36386
36395
36398
36403
36446
36477
36489
36495
36495
36531
36536
36541
36550
36553
36555
36567
36580
36583
36589
36607
36608
36623
36631
36632
36643
36650
36662
36671
36676
36677
36689
36699
36704
36717
36720
36725
36728
36728
36733
36734
36738
36751
36753
36770
36783
36786
36803
36804
36804
36835
36868
36868
36877
36919
36942
36963
36965
36975
36981
36999
37029
37046
37051
37060
37092
37094
37104
37111
37129
37149
37161
37208
37214
37214
37217
37223
37228
37243
37245
37247
37254
37258
37258
37265
37271
37282
37283
37319
37321
37322
37333
37347
37348
37355
37363
37364
37379
37384
37392
37397
37414
37421
37421
37421
37427
37432
37462
37467
37473
37477
37478
37482
37496
37509
37525
37546
37551
37556
37559
37563
37571
37571
37572
37573
37577
37579
37582
37586
37588
37590
37594
37609
37616
37618
37622
37636
37651
37658
37664
37677
37690
37695
37698
37702
37719
37728
37728
37762
37822
37827
37840
37868
37899
37912
37930
37948
37950
37959
37970
37980
38002
38005
38020
38036
38038
38040
38041
38041
38041
38044
38062
38074
38076
38076
38078
38086
38093
38122
38124
38125
38135
38139
38149
38183
38189
38195
38197
38204
38224
38237
38242
38244
38248
38250
38272
38277
38277
38308
38310
38314
38324
38329
38333
38343
38346
38352
38356
38367
38370
38384
38389
38397
38404
38406
38411
38430
38450
38454
38457
38458
38473
38490
38495
38505
38507
38508
38517
38522
38548
38578
38586
38591
38599
38613
38639
38646
38646
38649
38649
38657
38659
38660
38680
38685
38692
38703
38712
38712
38724
38738
38738
38742
38746
38747
38750
38761
38786
38795
38798
38824
38841
38843
38849
38850
38852
38861
38861
38865
38868
38881
38899
38910
38918
38918
38922
38925
38925
38944
38966
38966
38986
39019
39019
39022
39031
39040
39072
39076
39100
39105
39110
39112
39131
39133
39149
39159
39164
39170
39171
39176
39189
39190
39200
39205
39224
39246
39247
39250
39259
39262
39263
39265
39268
39271
39274
39275
39281
39281
39285
39330
39333
39334
39358
39376
39388
39394
39396
39410
39413
39414
39419
39456
39501
39504
39506
39531
39531
39574
39577
39614
39615
39623
39631
39633
39635
39638
39677
39681
39682
39688
39688
39695
39697
39698
39704
39711
39718
39719
39726
39738
39745
39781
39793
39796
39803
39826
39829
39830
39844
39845
39847
39856
39857
39860
39861
39863
39864
39868
39879
39885
39890
39899
39901
39903
39911
39925
39940
39952
39982
39989
39991
39996
39999
40007
40010
40016
40034
40039
40046
40057
40072
40094
40105
40120
40120
40132
40133
40133
40141
40149
40157
40163
40166
40167
40178
40211
40221
40223
40224
40237
40240
40246
40256
40266
40272
40296
40297
40298
40301
40302
40304
40309
40309
40333
40335
40341
40348
40359
40367
40371
40383
40469
40471
40471
40485
40493
40494
40496
40499
40499
40504
40505
40510
40516
40536
40564
40567
40571
40577
40579
40592
40596
40600
40604
40607
40616
40622
40645
40646
40649
40650
40666
40666
40672
40674
40677
40694
40739
40741
40747
40762
40769
40777
40824
40831
40847
40853
40863
40874
40883
40884
40905
40912
40925
40940
40945
40979
40981
40986
40988
41017
41018
41024
41042
41046
41050
41053
41053
41057
41058
41060
41065
41070
41071
41088
41105
41115
41128
41136
41165
41172
41180
41181
41181
41183
41185
41187
41192
41206
41213
41214
41223
41236
41239
41241
41262
41274
41290
41309
41312
41323
41334
41340
41346
41354
41356
41363
41382
41385
41385
41394
41397
41400
41400
41401
41402
41402
41406
41417
41421
41440
41458
41459
41480
41483
41492
41512
41515
41525
41587
41588
41590
41602
41604
41615
41625
41631
41635
41638
41639
41646
41678
41680
41692
41712
41759
41770
41802
41803
41827
41833
41867
41873
41886
41889
41898
41899
41906
41910
41911
41924
41932
41980
41984
41990
42012
42018
42026
42026
42030
42037
42040
42045
42048
42050
42063
42101
42132
42137
42141
42145
42150
42155
42158
42165
42174
42182
42199
42221
42232
42251
42262
42266
42267
42272
42282
42283
42301
42334
42349
42372
42377
42391
42393
42404
42409
42409
42425
42427
42434
42473
42506
42513
42518
42521
42535
42556
42585
42600
42605
42612
42616
42622
42632
42647
42649
42649
42651
42659
42673
42678
42692
42695
42698
42701
42757
42794
42799
42801
42803
42809
42809
42817
42818
42829
42831
42832
42838
42844
42848
42850
42871
42874
42876
42881
42890
42895
42905
42928
42932
42963
42965
42977
42987
43001
43004
43046
43053
43058
43084
43118
43190
43199
43199
43204
43233
43242
43244
43246
43250
43253
43259
43260
43291
43294
43306
43313
43321
43362
43362
43365
43382
43392
43405
43408
43410
43422
43423
43431
43446
43457
43476
43478
43478
43479
43482
43489
43500
43512
43518
43523
43524
43529
43531
43533
43586
43596
43602
43604
43607
43608
43615
43619
43622
43635
43638
43658
43697
43710
43716
43719
43732
43738
43779
43782
43806
43808
43819
43833
43839
43840
43848
43854
43869
43870
43889
43894
43906
43913
43919
43930
43937
43948
43957
43971
43978
43983
43994
43994
44005
44007
44023
44040
44048
44052
44058
44064
44078
44080
44081
44099
44110
44113
44114
44114
44120
44123
44128
44133
44140
44145
44153
44169
44172
44175
44186
44187
44200
44228
44232
44236
44241
44243
44244
44245
44249
44260
44262
44267
44271
44272
44277
44322
44323
44354
44361
44361
44365
44366
44374
44375
44380
44381
44392
44407
44417
44424
44449
44451
44452
44469
44472
44481
44502
44545
44551
44576
44586
44608
44609
44613
44671
44677
44685
44685
44692
44693
44699
44703
44706
44717
44721
44730
44732
44752
44764
44769
44778
44778
44787
44790
44802
44804
44817
44824
44859
44916
44918
44927
44929
44931
44939
44954
44959
44964
44966
44971
44996
45002
45008
45012
45016
45017
45027
45039
45046
45047
45048
45063
45071
45074
45074
45078
45080
45093
45119
45123
45151
45153
45157
45160
45162
45165
45174
45181
45191
45193
45203
45212
45218
45222
45241
45264
45268
45272
45274
45276
45293
45297
45308
45326
45334
45336
45336
45350
45366
45379
45403
45452
45457
45459
45469
45481
45493
45519
45521
45522
45525
45529
45529
45532
45532
45574
45587
45597
45598
45607
45691
45693
45694
45700
45719
45744
45747
45750
45760
45777
45781
45792
45795
45805
45805
45815
45823
45835
45854
45860
45867
45874
45876
45908
45909
45913
45918
45940
45945
45949
45959
45962
45975
45979
45992
45994
45997
46026
46033
46039
46048
46049
46050
46055
46057
46065
46066
46078
46079
46108
46117
46127
46143
46146
46171
46176
46182
46185
46186
46198
46227
46228
46248
46254
46268
46272
46278
46328
46331
46357
46366
46375
46376
46386
46409
46415
46426
46428
46428
46455
46461
46499
46522
46536
46540
46548
46557
46558
46579
46584
46589
46595
46608
46623
46643
46694
46694
46704
46710
46735
46744
46749
46759
46776
46790
46793
46807
46819
46819
46826
46840
46841
46844
46848
46885
46892
46892
46892
46907
46907
46917
46925
46946
46964
46964
46979
46983
46987
46992
47003
47013
47017
47033
47035
47036
47062
47065
47071
47074
47088
47091
47099
47112
47116
47129
47139
47141
47147
47158
47170
47171
47178
47191
47203
47209
47222
47223
47244
47253
47259
47270
47275
47287
47316
47318
47327
47334
47335
47350
47369
47374
47376
47398
47420
47423
47443
47449
47465
47474
47485
47485
47506
47529
47579
47583
47592
47624
47624
47624
47634
47643
47664
47688
47719
47732
47749
47750
47755
47770
47771
47773
47774
47813
47815
47818
47818
47819
47832
47845
47864
47866
47869
47883
47893
47900
47912
47930
47934
47941
47951
47954
47962
47979
47982
47982
47983
47992
47997
48002
48014
48023
48052
48063
48069
48087
48097
48111
48117
48127
48133
48141
48167
48168
48195
48205
48215
48217
48233
48238
48258
48263
48265
48268
48269
48272
48274
48280
48287
48320
48323
48330
48338
48339
48341
48349
48350
48357
48373
48376
48380
48395
48411
48428
48429
48440
48457
48464
48464
48478
48524
48524
48538
48550
48555
48558
48562
48571
48609
48614
48627
48628
48632
48658
48685
48690
48694
48696
48708
48713
48727
48741
48744
48754
48766
48769
48777
48778
48779
48783
48795
48800
48822
48829
48849
48861
48890
48893
48901
48904
48905
48910
48912
48922
48928
48928
48943
49005
49008
49013
49013
49014
49053
49056
49078
49094
49101
49104
49147
49147
49155
49156
49157
49167
49179
49182
49206
49233
49235
49241
49250
49254
49267
49278
49355
49368
49372
49373
49386
49407
49421
49430
49444
49448
49471
49478
49500
49505
49505
49515
49537
49540
49565
49569
49570
49582
49583
49594
49595
49595
49611
49618
49627
49640
49657
49658
49659
49662
49662
49676
49685
49692
49708
49729
49730
49755
49765
49765
49779
49780
49780
49792
49796
49796
49797
49799
49808
49827
49837
49841
49846
49852
49876
49885
49895
49896
49905
49912
49927
49931
49934
49935
49948
49953
49971
49995
50005
50015
50025
50031
50043
50062
50079
50088
50090
50102
50112
50116
50119
50125
50141
50146
50157
50172
50181
50204
50224
50229
50232
50235
50247
50260
50263
50268
50305
50309
50320
50339
50339
50357
50359
50369
50381
50385
50392
50401
50404
50406
50409
50420
50464
50484
50486
50489
50505
50517
50519
50540
50550
50572
50589
50598
50636
50637
50640
50656
50665
50668
50681
50686
50692
50708
50729
50730
50736
50744
50745
50758
50759
50766
50770
50776
50802
50812
50820
50826
50839
50842
50855
50873
50882
50889
50918
50926
50935
50938
50942
50957
50958
50961
50966
51019
51024
51027
51030
51053
51058
51059
51061
51078
51079
51090
51103
51118
51121
51124
51146
51146
51148
51151
51166
51171
51181
51192
51208
51216
51228
51232
51238
51248
51248
51250
51258
51260
51264
51264
51267
51286
51299
51303
51308
51313
51320
51323
51327
51327
51335
51345
51368
51377
51385
51389
51399
51406
51416
51445
51480
51488
51493
51495
51558
51567
51575
51581
51583
51601
51604
51605
51611
51612
51643
51651
51661
51674
51675
51687
51688
51695
51708
51735
51752
51760
51804
51805
51805
51810
51812
51813
51815
51840
51842
51885
51891
51902
51905
51907
51910
51912
51924
51935
51943
51949
51955
51955
51960
51960
51961
51962
51987
51989
51991
52013
52015
52023
52056
52062
52066
52084
52097
52124
52138
52140
52151
52168
52207
52211
52218
52224
52226
52243
52245
52248
52268
52283
52307
52315
52326
52329
52344
52346
52348
52367
52383
52392
52393
52418
52429
52442
52443
52463
52472
52476
52479
52515
52523
52524
52527
52529
52533
52534
52539
52558
52572
52593
52608
52633
52633
52637
52639
52639
52641
52656
52665
52667
52669
52675
52684
52685
52688
52689
52700
52706
52707
52711
52715
52718
52722
52729
52742
52747
52759
52760
52766
52770
52780
52782
52787
52792
52798
52820
52820
52886
52912
52932
52960
52960
52991
53013
53031
53046
53048
53059
53074
53081
53092
53113
53119
53141
53141
53155
53174
53183
53188
53199
53213
53219
53221
53230
53238
53244
53244
53256
53256
53270
53276
53278
53302
53312
53318
53319
53326
53336
53383
53385
53399
53400
53411
53414
53419
53423
53427
53432
53452
53456
53459
53461
53479
53486
53490
53494
53513
53532
53540
53542
53547
53559
53585
53611
53619
53646
53677
53715
53717
53724
53724
53730
53744
53757
53769
53810
53813
53824
53840
53845
53849
53853
53871
53873
53900
53901
53908
53909
53911
53915
53926
53934
53938
53966
53974
53988
53991
54002
54003
54018
54018
54029
54031
54033
54053
54060
54082
54092
54101
54108
54115
54153
54166
54181
54194
54209
54219
54221
54240
54241
54246
54261
54272
54287
54310
54324
54327
54330
54333
54343
54352
54376
54388
54401
54419
54424
54428
54445
54447
54458
54474
54477
54517
54518
54532
54547
54551
54557
54589
54603
54625
54629
54652
54653
54656
54661
54687
54706
54709
54718
54721
54745
54746
54758
54765
54780
54782
54782
54795
54796
54805
54806
54821
54823
54866
54873
54876
54878
54879
54893
54900
54902
54903
54918
54921
54928
54928
54938
54966
54988
54989
54994
55006
55024
55029
55051
55058
55068
55072
55076
55086
55099
55108
55113
55131
55137
55144
55148
55153
55163
55175
55183
55187
55212
55230
55232
55238
55258
55265
55278
55313
55319
55323
55336
55348
55386
55407
55427
55458
55475
55476
55483
55490
55495
55508
55509
55519
55522
55523
55538
55551
55552
55554
55560
55567
55568
55573
55622
55634
55640
55655
55673
55674
55679
55691
55706
55711
55712
55715
55716
55718
55762
55787
55788
55788
55801
55803
55806
55808
55812
55829
55830
55855
55864
55887
55890
55895
55909
55911
55928
55964
55971
55975
55976
55982
55986
55993
56005
56015
56016
56028
56036
56036
56046
56054
56064
56071
56087
56114
56117
56136
56139
56139
56140
56141
56158
56161
56165
56169
56173
56187
56203
56214
56235
56254
56289
56294
56319
56324
56330
56350
56371
56389
56391
56391
56402
56421
56431
56442
56445
56447
56456
56457
56459
56461
56465
56467
56500
56504
56521
56523
56532
56547
56548
56553
56567
56568
56594
56609
56627
56639
56656
56668
56681
56690
56691
56700
56702
56707
56723
56729
56747
56749
56749
56750
56750
56762
56767
56780
56795
56799
56807
56815
56818
56821
56831
56870
56870
56910
56917
56944
56961
56963
56974
56982
56993
56999
57003
57007
57026
57046
57047
57048
57049
57054
57057
57061
57062
57064
57078
57088
57092
57106
57121
57129
57143
57143
57148
57149
57153
57163
57169
57175
57198
57199
57206
57221
57223
57256
57265
57272
57274
57287
57292
57320
57323
57339
57351
57380
57380
57393
57395
57406
57407
57431
57434
57472
57476
57478
57489
57493
57503
57513
57514
57518
57520
57521
57535
57537
57538
57541
57551
57562
57570
57575
57586
57597
57610
57613
57616
57619
57636
57647
57655
57658
57662
57671
57672
57687
57693
57712
57715
57732
57733
57734
57734
57764
57783
57786
57791
57796
57802
57817
57822
57822
57823
57831
57846
57850
57856
57874
57906
57930
57934
57935
57942
57943
57945
57964
57979
57983
57987
58005
58006
58013
58016
58021
58025
58034
58035
58053
58078
58080
58080
58083
58108
58109
58119
58121
58130
58135
58139
58145
58150
58160
58164
58171
58172
58177
58188
58189
58195
58197
58211
58212
58233
58238
58241
58255
58291
58299
58323
58329
58361
58381
58394
58395
58397
58407
58415
58422
58424
58451
58454
58457
58465
58465
58474
58483
58494
58499
58504
58507
58516
58517
58518
58522
58534
58543
58552
58581
58583
58593
58596
58612
58615
58616
58617
58623
58626
58630
58630
58634
58643
58646
58650
58658
58690
58695
58703
58718
58721
58721
58724
58726
58727
58746
58747
58760
58761
58770
58773
58776
58777
58785
58793
58805
58841
58843
58868
58877
58877
58880
58882
58885
58893
58928
58932
58933
58946
58956
58974
58974
58976
58984
58991
58992
58993
59001
59009
59019
59022
59025
59031
59041
59041
59052
59054
59056
59059
59064
59074
59076
59088
59092
59093
59093
59097
59110
59110
59141
59170
59178
59180
59184
59189
59197
59207
59213
59248
59255
59256
59267
59288
59293
59305
59314
59332
59347
59366
59388
59392
59398
59404
59406
59412
59433
59436
59461
59462
59480
59489
59496
59511
59515
59529
59531
59532
59534
59567
59572
59576
59579
59581
59584
59590
59591
59615
59622
59628
59652
59653
59653
59658
59664
59680
59690
59693
59705
59717
59770
59775
59789
59792
59805
59811
59815
59842
59846
59900
59906
59913
59915
59917
59925
59925
59932
59955
59956
59965
59983
59983
59992
60006
60009
60020
60028
60030
60034
60035
60035
60041
60060
60062
60062
60073
60090
60091
60131
60139
60147
60147
60155
60156
60157
60161
60164
60174
60176
60176
60193
60202
60208
60231
60232
60237
60241
60243
60244
60245
60263
60265
60266
60271
60274
60297
60311
60333
60334
60335
60339
60344
60366
60375
60411
60414
60417
60419
60436
60459
60465
60481
60488
60511
60514
60521
60525
60529
60544
60546
60550
60551
60552
60560
60586
60593
60630
60651
60668
60671
60680
60691
60701
60705
60712
60723
60726
60753
60772
60778
60783
60784
60789
60791
60823
60834
60845
60845
60846
60859
60868
60878
60880
60883
60883
60893
60900
60901
60910
60913
60932
60955
60991
61044
61045
61048
61053
61059
61060
61083
61121
61124
61139
61144
61145
61147
61152
61172
61172
61177
61178
61191
61197
61219
61238
61255
61258
61258
61270
61293
61294
61297
61301
61311
61319
61325
61330
61330
61342
61352
61388
61403
61412
61414
61423
61423
61424
61453
61456
61457
61459
61500
61504
61530
61559
61598
61598
61603
61630
61630
61631
61639
61641
61646
61652
61676
61678
61685
61690
61702
61724
61727
61734
61745
61745
61745
61746
61753
61823
61840
61847
61887
61894
61921
61924
61939
61940
61943
61949
61963
61972
61978
61996
62002
62006
62019
62021
62037
62039
62046
62049
62077
62093
62095
62111
62115
62116
62204
62205
62216
62237
62250
62255
62274
62277
62290
62316
62322
62324
62325
62327
62353
62369
62371
62379
62401
62405
62411
62417
62419
62427
62442
62446
62462
62465
62469
62474
62477
62488
62529
62541
62541
62541
62549
62561
62566
62576
62585
62587
62607
62612
62625
62632
62636
62640
62657
62715
62716
62720
62727
62747
62751
62752
62755
62761
62784
62788
62791
62796
62805
62806
62822
62823
62826
62836
62845
62847
62848
62853
62866
62885
62886
62899
62905
62911
62925
62926
62952
62966
62984
62989
62989
62993
62999
63022
63024
63038
63039
63051
63052
63061
63071
63078
63112
63125
63134
63145
63145
63155
63158
63170
63210
63272
63282
63301
63319
63321
63326
63350
63363
63363
63366
63368
63370
63391
63398
63401
63415
63415
63428
63445
63461
63467
63467
63478
63509
63509
63526
63529
63534
63547
63551
63551
63551
63555
63560
63574
63595
63596
63606
63607
63610
63617
63619
63627
63635
63658
63674
63679
63715
63716
63722
63733
63736
63742
63749
63750
63791
63795
63799
63813
63818
63819
63821
63833
63834
63842
63861
63876
63890
63903
63909
63912
63915
63926
63926
63939
63947
63949
63952
63954
63957
63969
63981
63987
64009
64016
64047
64051
64078
64101
64124
64124
64126
64132
64142
64164
64175
64184
64190
64191
64208
64208
64210
64213
64218
64221
64232
64239
64241
64243
64247
64260
64265
64276
64277
64294
64305
64307
64318
64326
64328
64333
64335
64346
64355
64368
64370
64380
64382
64384
64387
64400
64402
64429
64431
64444
64462
64468
64483
64483
64484
64486
64489
64496
64508
64513
64521
64536
64539
64543
64548
64564
64571
64580
64597
64619
64666
64668
64671
64671
64687
64696
64712
64717
64730
64733
64741
64760
64770
64778
64780
64780
64782
64784
64788
64793
64831
64833
64861
64872
64880
64899
64904
64944
64949
64956
64963
64977
64980
64988
65025
65036
65044
65065
65065
65077
65103
65105
65113
65114
65126
65131
65132
65135
65150
65151
65172
65177
65185
65204
65239
65266
65268
65277
65286
65308
65314
65324
65325
65327
65360
65379
65380
65396
65432
65438
65441
65447
65454
65461
65463
65472
65475
65492
65503
65514
65515
65515
65532
65544
65545
65549
65583
65613
65627
65630
65644
65647
65688
65689
65710
65714
65721
65726
65729
65738
65741
65743
65748
65748
65750
65754
65757
65760
65762
65763
65764
65774
65774
65795
65795
65798
65802
65802
65802
65822
65823
65836
65844
65846
65861
65861
65870
65888
65893
65910
65922
65925
65925
65928
65941
65942
65944
65969
65971
65974
65982
65988
66005
66013
66039
66042
66050
66056
66076
66104
66125
66134
66136
66140
66143
66143
66153
66181
66184
66192
66194
66223
66229
66237
66243
66248
66253
66256
66261
66271
66283
66292
66292
66308
66343
66343
66348
66351
66396
66397
66409
66413
66428
66429
66443
66463
66476
66478
66494
66505
66515
66518
66528
66532
66539
66553
66557
66559
66564
66572
66591
66597
66598
66608
66619
66622
66626
66627
66635
66644
66655
66665
66672
66675
66690
66691
66705
66723
66724
66725
66730
66747
66781
66782
66789
66806
66815
66835
66839
66847
66862
66876
66901
66920
66940
66952
66952
66972
66984
66984
66985
67001
67007
67008
67012
67014
67022
67048
67049
67052
67056
67073
67085
67086
67093
67118
67121
67136
67159
67167
67191
67191
67195
67218
67220
67229
67232
67239
67295
67299
67301
67305
67306
67309
67315
67317
67326
67337
67358
67359
67364
67414
67415
67435
67439
67444
67456
67490
67505
67512
67550
67552
67574
67575
67577
67596
67611
67612
67613
67618
67625
67630
67639
67655
67658
67673
67678
67688
67701
67703
67705
67711
67716
67727
67735
67735
67746
67747
67749
67756
67796
67806
67831
67835
67851
67853
67856
67862
67885
67889
67906
67907
67922
67936
67938
67943
67946
67957
67972
68008
68024
68047
68053
68077
68154
68154
68158
68162
68204
68219
68237
68250
68258
68260
68262
68294
68322
68324
68329
68333
68341
68348
68377
68383
68384
68389
68408
68409
68442
68457
68468
68474
68495
68498
68504
68519
68524
68529
68538
68558
68561
68623
68623
68627
68683
68696
68697
68698
68701
68708
68723
68725
68737
68755
68769
68791
68795
68814
68823
68833
68842
68849
68851
68855
68872
68890
68909
68910
68920
68921
68937
68950
68954
68955
68986
68987
68987
68997
69000
69017
69023
69023
69024
69026
69028
69051
69062
69064
69071
69092
69093
69107
69119
69133
69135
69142
69143
69154
69176
69192
69194
69197
69200
69223
69229
69236
69243
69252
69264
69277
69278
69284
69288
69290
69290
69298
69319
69342
69346
69348
69369
69384
69401
69419
69432
69445
69474
69480
69496
69501
69518
69528
69529
69530
69531
69589
69602
69621
69631
69634
69653
69660
69661
69662
69662
69671
69676
69680
69694
69696
69705
69719
69723
69728
69729
69730
69737
69741
69757
69757
69809
69812
69814
69819
69842
69849
69864
69866
69869
69889
69921
69933
69940
69941
69971
69972
69972
69973
69974
69977
69994
70010
70011
70011
70013
70021
70025
70026
70030
70045
70059
70067
70070
70076
70083
70085
70100
70108
70117
70155
70168
70172
70174
70175
70179
70188
70195
70195
70204
70222
70224
70228
70230
70233
70237
70256
70271
70272
70280
70286
70299
70310
70314
70325
70336
70345
70369
70379
70389
70396
70411
70435
70455
70459
70470
70480
70484
70484
70490
70496
70499
70515
70538
70538
70552
70562
70567
70568
70570
70574
70576
70598
70600
70620
70643
70654
70676
70690
70702
70704
70705
70725
70726
70754
70759
70764
70770
70774
70774
70783
70786
70787
70795
70798
70822
70841
70868
70878
70894
70897
70898
70918
70930
70932
70939
70939
70954
70958
70960
71000
71010
71033
71038
71052
71054
71062
71081
71088
71089
71095
71106
71122
71129
71132
71159
71165
71202
71203
71228
71234
71245
71263
71271
71272
71284
71291
71322
71338
71344
71347
71362
71365
71365
71371
71385
71404
71406
71408
71412
71423
71424
71427
71436
71449
71464
71477
71492
71502
71507
71511
71515
71536
71537
71543
71564
71565
71598
71601
71625
71627
71631
71645
71690
71741
71747
71765
71777
71788
71801
71807
71819
71834
71835
71849
71854
71860
71862
71883
71891
71902
71917
71923
71928
71951
71967
71969
71975
71985
71987
71993
71995
72005
72016
72020
72036
72036
72044
72045
72063
72068
72072
72078
72079
72081
72107
72108
72121
72129
72135
72136
72157
72167
72174
72183
72184
72196
72202
72204
72217
72226
72226
72229
72238
72247
72255
72256
72257
72261
72263
72269
72275
72294
72307
72309
72315
72352
72372
72374
72411
72444
72450
72464
72485
72493
72503
72513
72519
72522
72532
72540
72544
72568
72591
72628
72630
72632
72695
72708
72728
72736
72741
72748
72786
72799
72807
72819
72823
72827
72837
72863
72887
72887
72888
72898
72898
72899
72919
72929
72942
72949
72973
72974
72982
72997
73001
73003
73010
73016
73023
73030
73032
73033
73037
73039
73049
73069
73079
73085
73087
73091
73094
73097
73104
73107
73120
73124
73127
73139
73152
73159
73174
73180
73198
73202
73206
73228
73231
73233
73240
73245
73251
73270
73304
73310
73313
73316
73326
73334
73334
73340
73342
73350
73352
73356
73363
73365
73372
73377
73390
73410
73430
73446
73460
73470
73483
73487
73488
73510
73510
73514
73521
73522
73528
73538
73558
73558
73558
73561
73569
73584
73593
73616
73629
73634
73639
73641
73642
73643
73660
73662
73662
73708
73721
73721
73722
73729
73731
73759
73764
73802
73806
73816
73823
73831
73834
73842
73846
73851
73867
73870
73881
73887
73891
73918
73941
73945
73952
73957
73983
74018
74019
74021
74036
74045
74050
74061
74064
74084
74091
74102
74103
74159
74166
74167
74174
74176
74205
74207
74213
74213
74270
74272
74280
74280
74286
74296
74310
74314
74339
74369
74375
74387
74398
74406
74406
74418
74442
74448
74454
74471
74478
74482
74484
74491
74521
74523
74547
74579
74583
74583
74590
74597
74605
74612
74640
74649
74660
74681
74694
74696
74715
74717
74723
74733
74736
74736
74754
74756
74756
74779
74784
74812
74814
74818
74822
74823
74837
74842
74845
74882
74885
74900
74910
74916
74917
74927
74935
74937
74940
74951
74956
74956
74957
74960
74961
74975
74978
74988
75000
75019
75030
75032
75038
75040
75048
75064
75074
75077
75082
75089
75092
75100
75102
75103
75111
75132
75185
75197
75218
75241
75241
75256
75275
75278
75289
75294
75296
75296
75305
75316
75339
75343
75345
75352
75355
75356
75359
75368
75375
75385
75402
75412
75413
75462
75465
75482
75486
75493
75509
75511
75519
75520
75529
75530
75533
75536
75548
75581
75605
75605
75611
75611
75629
75632
75632
75649
75654
75655
75663
75667
75669
75675
75722
75733
75737
75750
75751
75753
75756
75758
75764
75765
75780
75787
75790
75845
75852
75864
75875
75881
75883
75883
75895
75902
75922
75937
75943
75963
75968
75977
75983
75989
75998
76002
76011
76048
76062
76068
76083
76086
76092
76092
76110
76114
76121
76138
76146
76171
76173
76214
76236
76264
76272
76275
76280
76284
76295
76301
76347
76352
76361
76362
76382
76390
76392
76444
76464
76473
76509
76514
76516
76518
76520
76527
76548
76565
76589
76589
76610
76616
76622
76626
76634
76663
76668
76690
76695
76714
76717
76735
76738
76739
76742
76746
76770
76795
76801
76802
76802
76848
76849
76853
76859
76884
76890
76898
76904
76921
76927
76928
76946
76954
76958
76962
76969
76975
76977
76979
76982
76986
76995
76996
77015
77044
77044
77053
77060
77065
77066
77108
77116
77128
77144
77147
77161
77168
77170
77172
77202
77208
77209
77214
77220
77222
77245
77259
77288
77304
77312
77317
77319
77320
77329
77331
77335
77335
77352
77368
77398
77428
77449
77451
77469
77501
77504
77505
77529
77535
77539
77541
77547
77547
77548
77549
77558
77566
77569
77577
77585
77593
77618
77623
77633
77636
77639
77647
77677
77680
77691
77691
77694
77709
77709
77715
77718
77722
77725
77735
77739
77778
77783
77829
77835
77836
77861
77862
77867
77888
77891
77899
77901
77905
77911
77911
77913
77931
77939
77947
77956
77965
77991
77995
78013
78017
78028
78047
78049
78053
78071
78084
78089
78091
78109
78145
78147
78157
78158
78177
78179
78180
78197
78211
78213
78220
78255
78271
78278
78284
78304
78323
78336
78347
78348
78357
78363
78374
78393
78395
78433
78443
78458
78467
78467
78476
78476
78476
78479
78517
78528
78530
78530
78553
78570
78598
78599
78604
78608
78617
78628
78634
78636
78655
78661
78671
78677
78704
78727
78733
78757
78757
78759
78770
78771
78773
78778
78779
78782
78797
78801
78809
78820
78866
78882
78884
78894
78901
78914
78916
78945
78948
78950
78956
78962
78974
78988
78994
78995
79028
79035
79039
79049
79062
79064
79064
79067
79076
79106
79119
79143
79149
79150
79163
79168
79207
79209
79226
79230
79248
79265
79277
79282
79290
79299
79299
79317
79318
79342
79344
79350
79352
79359
79364
79365
79391
79392
79395
79402
79418
79459
79487
79488
79504
79509
79512
79512
79520
79533
79538
79548
79551
79551
79572
79580
79596
79601
79602
79631
79658
79659
79665
79667
79681
79687
79700
79714
79715
79716
79725
79749
79750
79760
79760
79765
79766
79766
79769
79802
79832
79845
79859
79867
79892
79895
79895
79900
79902
79920
79922
79934
79940
79944
79946
79952
79962
79963
79971
79977
79981
80012
80020
80026
80038
80045
80058
80069
80071
80071
80107
80144
80151
80163
80168
80171
80172
80178
80196
80204
80210
80216
80226
80228
80241
80249
80265
80269
80282
80285
80297
80299
80310
80318
80323
80348
80352
80356
80364
80367
80380
80384
80388
80391
80411
80414
80428
80432
80433
80441
80458
80468
80472
80483
80498
80499
80506
80524
80540
80558
80565
80609
80618
80621
80631
80632
80651
80680
80690
80694
80718
80720
80723
80735
80782
80785
80788
80789
80789
80800
80804
80833
80853
80854
80859
80866
80879
80879
80883
80888
80913
80939
80943
80944
80961
80963
80971
80978
80986
80998
81002
81003
81013
81015
81017
81018
81019
81024
81027
81035
81045
81045
81053
81059
81060
81078
81083
81084
81137
81138
81161
81192
81193
81193
81208
81223
81224
81228
81235
81240
81251
81252
81253
81279
81288
81316
81322
81328
81359
81416
81442
81445
81451
81467
81474
81489
81497
81517
81519
81539
81554
81562
81575
81590
81616
81619
81626
81639
81639
81649
81662
81672
81692
81711
81732
81744
81767
81769
81784
81801
81806
81807
81808
81815
81846
81848
81859
81879
81925
81925
81928
81939
81951
81952
81971
81981
81999
82000
82003
82004
82011
82021
82028
82029
82053
82064
82067
82068
82088
82128
82142
82144
82146
82147
82160
82162
82175
82182
82193
82194
82194
82216
82226
82227
82260
82262
82281
82286
82287
82297
82299
82303
82306
82306
82308
82312
82320
82338
82370
82390
82409
82416
82419
82421
82421
82428
82437
82444
82452
82453
82466
82484
82490
82492
82493
82504
82511
82545
82547
82548
82553
82570
82574
82586
82608
82609
82633
82642
82652
82661
82665
82668
82679
82680
82701
82712
82714
82717
82720
82746
82763
82775
82792
82797
82814
82816
82822
82827
82854
82856
82870
82881
82907
82907
82925
82926
82935
82941
82949
82955
82958
82968
82981
82999
83023
83027
83039
83051
83102
83109
83110
83113
83114
83122
83127
83144
83144
83146
83151
83156
83196
83218
83219
83219
83220
83227
83242
83261
83280
83284
83303
83311
83313
83319
83328
83343
83343
83389
83418
83424
83432
83447
83466
83470
83484
83489
83495
83496
83523
83528
83530
83533
83534
83542
83542
83546
83546
83548
83549
83551
83570
83606
83608
83613
83624
83634
83653
83660
83678
83682
83683
83692
83692
83700
83706
83710
83711
83724
83733
83734
83734
83763
83766
83770
83781
83787
83788
83788
83799
83801
83803
83806
83809
83825
83826
83836
83847
83851
83857
83867
83880
83886
83889
83894
83896
83906
83912
83917
83918
83930
83945
83947
83953
83979
83996
83996
84024
84037
84042
84050
84051
84053
84073
84105
84114
84118
84138
84143
84145
84174
84176
84179
84179
84181
84228
84242
84243
84253
84270
84290
84291
84297
84327
84336
84343
84344
84356
84357
84361
84365
84402
84403
84406
84411
84416
84426
84438
84457
84467
84471
84476
84531
84539
84542
84544
84547
84549
84565
84565
84572
84583
84586
84587
84587
84587
84612
84617
84619
84620
84621
84623
84624
84625
84629
84630
84633
84646
84648
84668
84668
84685
84692
84700
84709
84735
84751
84756
84771
84805
84846
84851
84853
84859
84860
84864
84878
84880
84897
84903
84903
84910
84947
84948
84967
84974
84990
85000
85009
85069
85074
85087
85102
85106
85118
85130
85147
85159
85162
85174
85181
85187
85198
85232
85248
85258
85265
85275
85277
85287
85305
85308
85339
85351
85367
85377
85377
85380
85426
85461
85463
85468
85483
85488
85524
85525
85538
85539
85558
85568
85573
85574
85580
85604
85622
85638
85639
85644
85654
85668
85672
85674
85677
85681
85688
85690
85695
85725
85725
85731
85743
85757
85767
85786
85795
85801
85821
85822
85828
85834
85841
85859
85873
85895
85901
85903
85926
85943
85950
85958
85962
85962
85962
85974
85998
86001
86011
86014
86030
86034
86037
86039
86053
86075
86077
86078
86089
86101
86104
86111
86126
86155
86161
86169
86174
86188
86205
86212
86221
86239
86253
86254
86260
86264
86268
86270
86289
86303
86303
86307
86322
86347
86352
86356
86388
86397
86400
86476
86487
86496
86509
86521
86525
86538
86540
86545
86548
86548
86550
86556
86559
86574
86575
86584
86591
86594
86603
86609
86619
86629
86630
86643
86644
86667
86671
86675
86706
86714
86715
86743
86748
86780
86781
86787
86789
86801
86824
86844
86845
86850
86856
86868
86868
86871
86873
86886
86888
86891
86894
86900
86905
86906
86910
86914
86915
86924
86930
86936
86936
86965
86970
87015
87037
87038
87038
87050
87058
87072
87074
87081
87089
87100
87107
87108
87143
87146
87156
87160
87162
87173
87180
87187
87192
87197
87217
87220
87222
87241
87251
87252
87255
87274
87279
87279
87293
87322
87330
87337
87344
87358
87385
87394
87397
87404
87416
87422
87429
87430
87430
87432
87433
87440
87464
87479
87483
87489
87501
87515
87523
87559
87594
87598
87598
87617
87637
87673
87680
87689
87710
87718
87722
87740
87744
87756
87771
87775
87787
87796
87805
87806
87811
87821
87834
87843
87869
87870
87877
87884
87884
87905
87942
87943
87947
87956
87961
87964
87974
87990
87994
87995
88003
88008
88010
88011
88036
88043
88052
88057
88061
88063
88086
88090
88107
88118
88146
88151
88163
88165
88178
88187
88189
88194
88198
88215
88273
88289
88292
88310
88315
88322
88358
88370
88372
88373
88408
88421
88429
88432
88444
88457
88475
88478
88491
88494
88500
88502
88520
88533
88543
88548
88551
88559
88563
88570
88574
88581
88581
88586
88591
88608
88626
88628
88632
88634
88638
88640
88651
88661
88685
88697
88709
88767
88794
88797
88798
88799
88847
88848
88862
88865
88869
88874
88874
88877
88897
88902
88911
88940
88953
88959
88986
88999
89013
89026
89053
89078
89084
89102
89111
89120
89125
89167
89177
89189
89191
89215
89216
89231
89235
89241
89259
89268
89270
89280
89292
89306
89330
89346
89354
89356
89360
89376
89389
89405
89416
89424
89427
89427
89436
89441
89442
89443
89462
89463
89464
89483
89504
89509
89519
89525
89528
89531
89543
89549
89566
89571
89572
89581
89581
89584
89592
89593
89599
89606
89609
89613
89625
89648
89648
89669
89673
89677
89678
89682
89688
89690
89699
89702
89707
89723
89729
89734
89747
89754
89767
89773
89776
89787
89794
89816
89820
89822
89830
89872
89876
89880
89890
89895
89905
89911
89911
89922
89924
89938
89959
89974
89980
89990
89998
90004
90007
90013
90018
90023
90030
90034
90039
90042
90042
90050
90053
90076
90095
90097
90103
90116
90134
90144
90153
90159
90168
90173
90175
90178
90181
90188
90191
90191
90194
90195
90196
90198
90199
90200
90214
90219
90221
90231
90245
90246
90258
90260
90261
90267
90271
90280
90281
90292
90300
90312
90316
90317
90319
90322
90344
90368
90378
90379
90382
90382
90391
90392
90410
90415
90417
90421
90427
90433
90462
90462
90469
90487
90499
90516
90521
90525
90532
90533
90533
90539
90556
90562
90587
90594
90595
90604
90606
90624
90651
90657
90662
90674
90678
90683
90685
90693
90693
90699
90699
90730
90763
90770
90782
90785
90796
90801
90827
90829
90835
90836
90841
90885
90886
90886
90895
90904
90906
90919
90932
90933
90951
90956
90972
90978
90998
90999
91000
91015
91021
91032
91042
91045
91050
91066
91069
91091
91096
91103
91109
91126
91141
91182
91193
91194
91201
91207
91219
91244
91248
91258
91263
91275
91290
91294
91295
91297
91301
91305
91307
91330
91362
91373
91390
91390
91402
91424
91441
91449
91450
91459
91466
91496
91497
91524
91533
91544
91547
91547
91549
91581
91582
91582
91585
91589
91601
91615
91616
91636
91636
91657
91661
91663
91665
91682
91685
91689
91701
91706
91714
91730
91730
91749
91769
91773
91795
91802
91809
91811
91811
91827
91848
91852
91859
91887
91894
91901
91902
91905
91915
91919
91928
91934
91959
91963
91969
91973
91991
92004
92007
92012
92013
92019
92019
92020
92027
92045
92067
92068
92085
92111
92113
92115
92119
92125
92131
92152
92156
92156
92159
92170
92172
92174
92182
92191
92199
92204
92221
92230
92238
92244
92272
92273
92289
92291
92306
92331
92349
92350
92350
92356
92374
92375
92385
92393
92406
92411
92413
92430
92437
92444
92448
92449
92468
92474
92503
92505
92524
92527
92533
92545
92547
92555
92579
92581
92583
92585
92595
92610
92614
92621
92636
92637
92644
92647
92672
92676
92679
92710
92713
92726
92727
92728
92736
92748
92755
92792
92827
92845
92858
92860
92864
92894
92904
92908
92911
92913
92935
92940
92948
92957
92961
92965
92969
92982
92987
92991
93020
93035
93040
93042
93051
93084
93103
93106
93110
93134
93139
93146
93147
93167
93192
93201
93227
93237
93269
93306
93315
93330
93336
93345
93351
93357
93369
93381
93392
93403
93437
93453
93454
93456
93466
93479
93485
93489
93501
93555
93572
93578
93580
93596
93604
93613
93623
93630
93647
93652
93655
93675
93681
93685
93686
93693
93695
93701
93701
93718
93736
93741
93751
93758
93764
93773
93775
93799
93815
93826
93851
93852
93860
93861
93863
93870
93900
93929
93942
93944
93944
93950
93973
93984
93998
94006
94007
94013
94038
94073
94089
94098
94107
94109
94122
94123
94139
94141
94169
94174
94190
94196
94214
94219
94220
94230
94232
94244
94255
94261
94300
94307
94314
94318
94323
94343
94346
94350
94360
94400
94400
94401
94417
94446
94455
94467
94475
94481
94491
94528
94546
94548
94548
94558
94568
94569
94575
94576
94581
94583
94586
94594
94613
94617
94618
94625
94635
94638
94657
94671
94697
94716
94720
94780
94804
94805
94813
94833
94834
94838
94840
94842
94853
94874
94898
94899
94906
94910
94915
94921
94927
94930
94932
94933
94937
94941
94966
94971
94972
94982
94987
95016
95019
95035
95044
95085
95088
95091
95094
95103
95110
95125
95134
95155
95162
95184
95187
95205
95214
95252
95252
95253
95264
95270
95294
95315
95325
95329
95353
95355
95357
95358
95368
95372
95389
95443
95492
95498
95508
95514
95520
95536
95573
95584
95584
95587
95591
95633
95634
95643
95648
95667
95672
95694
95710
95742
95744
95766
95779
95791
95798
95812
95817
95846
95855
95855
95865
95869
95884
95899
95903
95904
95922
95924
95955
95969
95995
96001
96012
96034
96035
96039
96050
96097
96110
96110
96112
96119
96125
96125
96136
96154
96154
96155
96163
96166
96166
96180
96198
96198
96215
96227
96228
96229
96260
96267
96278
96282
96291
96302
96305
96307
96327
96335
96360
96372
96373
96378
96379
96389
96391
96394
96422
96429
96432
96435
96436
96437
96440
96441
96441
96442
96445
96446
96454
96456
96487
96502
96504
96540
96542
96556
96565
96581
96595
96606
96608
96609
96621
96633
96645
96662
96666
96669
96671
96712
96724
96739
96745
96745
96751
96756
96766
96777
96778
96815
96819
96828
96861
96874
96880
96889
96890
96894
96909
96912
96923
96929
96935
96949
96968
96976
96996
96996
97019
97023
97026
97035
97044
97047
97051
97060
97078
97081
97093
97095
97099
97103
97104
97110
97128
97133
97153
97161
97167
97169
97171
97175
97186
97187
97193
97213
97227
97231
97239
97267
97283
97297
97303
97305
97313
97324
97325
97334
97335
97336
97353
97355
97358
97365
97368
97405
97408
97409
97416
97431
97447
97473
97488
97508
97519
97539
97583
97594
97602
97610
97614
97645
97654
97658
97673
97682
97685
97687
97695
97709
97710
97715
97722
97725
97727
97732
97732
97734
97735
97739
97752
97753
97760
97766
97774
97780
97785
97787
97813
97827
97836
97838
97839
97842
97867
97871
97875
97886
97891
97892
97908
97914
97917
97918
97929
97937
97945
97953
97953
97963
97974
97985
97991
98031
98032
98033
98036
98040
98043
98048
98073
98096
98098
98100
98103
98120
98135
98144
98160
98166
98173
98177
98180
98181
98203
98207
98224
98236
98254
98257
98259
98285
98311
98311
98322
98333
98368
98377
98379
98383
98394
98398
98408
98420
98421
98440
98447
98453
98458
98466
98474
98487
98490
98491
98499
98510
98513
98535
98538
98538
98544
98557
98560
98576
98582
98593
98608
98623
98628
98630
98632
98634
98640
98642
98643
98665
98667
98671
98673
98700
98738
98745
98772
98778
98779
98782
98784
98784
98785
98785
98791
98792
98806
98853
98856
98861
98881
98893
98897
98907
98909
98915
98915
98926
98926
98930
98936
98954
98958
98959
98963
98971
98978
98984
98986
98987
98992
99006
99013
99019
99032
99039
99043
99045
99051
99068
99071
99082
99088
99110
99133
99141
99144
99149
99150
99157
99174
99176
99201
99211
99213
99219
99230
99236
99249
99254
99259
99260
99261
99280
99317
99323
99331
99336
99343
99347
99363
99375
99391
99398
99404
99414
99418
99425
99431
99435
99440
99441
99449
99459
99465
99470
99470
99493
99508
99529
99529
99537
99567
99571
99573
99599
99601
99618
99630
99644
99647
99660
99661
99664
99675
99676
99684
99690
99705
99728
99754
99758
99766
99775
99782
99825
99847
99861
99867
99870
99871
99884
99889
99894
99903
99917
99925
99942
99956
99959
99970
99973
99983
99989
99995
