48366
64083
35441
38360
42397
9418
12341
96412
53748
26951
30627
50606
53359
90056
66913
62621
42498
1062
20580
90304
57650
13996
79533
66026
46831
3627
93404
82932
46305
87665
82767
94670
51747
34559
33029
94144
60329
61721
90555
14076
88671
21181
64681
58381
27588
47945
21002
70086
49006
57933
76741
6656
71928
56273
72681
35111
59899
82436
18042
22555
70100
17160
17224
38198
51719
66604
32341
12047
28325
39247
42474
33347
76779
23507
91728
4367
71451
29081
90804
36809
87013
67544
59816
75292
40168
48848
10402
16418
31283
28443
38973
17734
61955
56196
72283
30025
22800
4624
58423
67476
60222
896
822
37001
24402
8901
41367
12205
37981
48522
49013
41345
16065
8828
16637
72584
57675
27038
89001
5309
71833
44325
39394
50139
16873
11676
80163
56024
32651
38585
23499
92873
39480
40672
46225
80234
49573
87591
92438
3905
36112
57802
45250
68528
82981
61886
57463
57007
5275
46463
78667
93459
7140
18060
43597
24012
46087
23759
80035
78738
78695
19885
71610
34527
60556
17834
14760
10128
21776
23549
14033
74239
97702
75634
59118
80682
37519
16580
54040
59145
79394
32706
52604
86533
50765
12552
26896
96851
52663
6930
75588
31357
43166
63549
82235
3722
97734
13346
30201
35861
36894
44233
26451
50947
36218
1920
31628
73736
18499
85667
49233
14245
18372
18188
17129
85488
30739
44025
82339
83401
67306
74278
31110
10472
54179
13344
30545
68264
43042
60745
20477
79935
4978
46927
30882
41195
48847
78861
31283
83697
80880
96867
97941
99251
15054
31422
1091
62144
75446
99781
61897
59103
90410
93006
85926
44588
22701
16470
29204
65742
77215
49680
62029
98544
12958
9262
56090
78156
4474
3724
61853
85353
590
76145
956
15643
7566
2046
77787
99363
1826
56035
74818
8587
49040
60743
69527
88092
77213
98730
70186
54427
64761
48566
69322
94070
57827
25411
72226
62300
29135
50430
64005
29724
26574
64960
61719
50492
83357
55857
49854
1534
11891
24671
10120
77282
1766
79646
81725
78978
94727
51910
49756
59487
16827
19077
69909
74653
60839
42134
53305
89973
92563
33661
36049
19136
14972
14119
85979
98328
69975
35833
99861
98217
76855
26332
91850
78620
22330
73574
73949
17056
41836
23704
92895
58662
59132
62803
49667
36323
4936
19323
26295
13850
52983
78695
49337
67954
92813
35316
82633
79139
87500
98845
93707
64354
25176
85556
59326
47505
59130
33274
80913
965
56978
73807
75978
32461
52961
25644
68783
74248
44966
11430
88097
97948
90124
53785
82253
99289
89100
64885
94779
76599
63729
88486
57305
5257
90393
16630
69113
49522
49903
50025
66838
23232
40183
42816
72045
9495
68459
40827
83742
29777
68608
88190
27724
75084
41975
26329
74372
47426
91213
85502
40377
71294
90339
97681
76550
80732
14310
45662
30253
80564
95687
13443
3796
52221
56258
75840
61716
41068
33018
45457
70844
1626
49999
14920
76709
91973
41248
67432
55750
48812
52933
96126
20105
43272
93806
96654
40355
24467
42316
70607
21383
54354
84049
41530
6574
56658
17369
68289
97726
66738
30098
84921
84715
96448
99840
61423
4772
41087
45206
60521
89899
14491
56647
26355
57762
66804
23009
98116
7623
81676
85074
29005
36029
85475
70534
58954
58484
4254
43595
56209
87343
90044
57482
72058
86491
57321
33480
91262
14760
78686
51782
21010
93176
24780
47364
67289
7936
70372
81756
15558
68399
83181
60914
4427
85007
31447
79733
43491
52052
23327
16051
39394
13370
73532
11451
99860
30853
61283
7473
61964
56320
59254
82973
65847
386
46688
33135
8321
33412
31242
23878
1810
30774
84791
6237
15781
32589
2321
59271
992
25647
75321
40385
55368
48853
68188
71579
96057
29470
79051
74372
2141
54656
73696
67987
55041
20383
1121
63361
53794
48714
3590
71956
79487
4732
78192
95267
53672
96864
70889
54663
22510
46210
11400
94229
11414
95939
65807
23822
41760
44857
98193
43900
15864
88240
11886
70905
8622
29358
50617
78768
78071
54207
50723
73909
75290
45266
85528
28962
42129
56416
83624
80990
18977
11375
75218
46742
7313
41024
70563
49072
2232
85107
92971
18095
73346
4856
5351
98320
50565
72320
93439
44987
42878
44161
18896
18167
5778
4423
47128
64258
77190
47104
45247
12519
74830
36816
59260
82143
77839
29823
47566
96422
31281
40537
30868
20979
61744
52571
19298
28661
24890
29088
73647
67767
73248
92542
85933
95377
13316
49413
59634
6858
12868
21232
19376
4049
58047
78635
86191
52237
24809
50109
65010
56090
6997
95877
77068
68740
48447
12717
97400
73336
41804
87399
57454
31403
96292
59739
43131
9608
9151
19116
32817
38370
40347
52192
42418
14745
47178
44961
66981
71987
95069
48342
44428
2065
44218
37847
87156
92665
50563
908
82352
8718
4658
39806
56472
949
99544
99602
10556
25046
18717
59724
79767
75415
11915
38536
90159
75445
83496
73491
47431
94916
21832
8210
13332
66049
46056
16840
75065
96618
34099
57417
21687
38756
13574
78158
39704
13117
77759
66612
54514
96475
26335
34280
71889
54602
72815
78399
30046
72663
51889
93828
83930
90072
2037
13614
72472
48092
46805
47537
61061
80903
21305
82747
19658
51230
60904
75713
80698
55014
42324
35211
67840
85011
85842
56080
55964
75008
34478
2361
64022
2718
12540
64304
92789
14576
77917
65260
79019
24721
29148
56431
21975
66804
55529
57984
18033
32784
33696
98730
87797
92372
50292
55636
93734
36133
11715
49697
27493
62544
52057
91514
65261
64596
55817
74401
95523
50085
56012
90893
91157
85160
47323
13131
51963
19203
71114
86348
51986
21162
85077
56134
13533
51721
28121
7266
4205
56187
73314
31697
18730
41722
39563
342
6317
95379
74742
18191
61816
30753
9083
52972
32264
72757
66103
84227
8311
53568
86926
60296
74729
88354
16429
4613
40074
44549
28230
44279
735
17895
92327
35816
59616
31889
36157
82284
43620
10898
474
5435
58002
25908
58406
90266
15016
40860
90844
23326
10780
77769
99973
85508
82474
16401
6473
22548
77301
51054
83178
94387
68949
75504
30202
28564
7393
82710
10848
51012
9959
11321
56446
67961
53581
31203
74578
68596
88415
65421
8274
99194
59541
8246
1053
42014
40999
7525
80913
34651
74931
64090
29038
43879
39594
75591
72442
46986
58301
99641
14349
68259
27314
87146
52571
80894
18348
27148
65841
6762
8920
90466
22307
68460
98712
23360
26826
56062
47236
7738
90712
22166
71828
36101
66044
27773
28044
54838
91110
2696
54478
5458
87306
81791
92603
39877
62684
27302
83376
44877
50416
92296
35342
72722
77107
50405
96081
20284
6466
59669
28022
13530
81834
16201
65982
64230
43973
94025
19067
35082
96720
73544
56891
84026
55335
49493
40254
34370
93146
23629
79246
43561
32276
30940
32635
9383
81344
28715
29666
4162
4735
74039
17691
86569
90239
83672
50798
34211
94049
69864
85644
90768
59759
42534
74793
15093
8378
15046
65815
1524
55027
45060
45084
87302
92351
94070
13036
73695
22785
42702
77856
43871
33092
11898
30439
23331
11921
97588
73893
5969
67451
59537
96737
27210
2070
87881
58654
10448
19279
24468
11971
74305
85880
73406
61606
78230
67476
74642
68276
6612
33695
46131
50482
83138
74380
97273
6468
86301
94860
80361
92269
78663
56249
5357
22224
58318
93238
97229
68765
12516
38049
97087
3172
23928
86845
81129
18509
70672
72122
86785
77283
22168
49267
44116
5306
39999
57740
28125
26299
52600
8485
34919
47614
64733
40276
69837
39403
49865
83417
24519
78732
21465
21606
81903
45392
24802
79383
80253
95473
51505
83389
89107
73672
49007
33222
78977
89005
7314
7102
15303
59913
31938
50222
23878
13023
6849
10066
68777
56713
93482
93295
35444
14947
31252
33698
76690
56053
13080
56942
51525
80936
40330
40631
54608
89337
90205
49936
78341
97518
73389
9996
73782
21679
76569
14011
51053
99769
24076
19829
56481
17557
13123
8276
32503
44375
58325
9193
427
87756
82486
68304
68692
39168
8934
39651
28504
15490
89586
23196
29359
79327
49543
19492
1005
42463
33502
52057
42231
57577
71885
15063
75134
1359
39690
23988
45733
98014
49532
62512
2122
32018
30815
70813
71185
56100
10463
16040
71590
16400
55587
17300
95726
21482
36792
13082
63944
86645
65138
22527
44222
53374
37589
35707
54733
77279
76046
465
91644
25578
62976
10117
73947
10142
80929
61483
66242
7743
77522
54183
24143
49460
71482
36220
87293
24625
49302
51237
11270
30791
90115
71843
517
27703
7549
55249
21333
99946
72065
29329
25523
51393
39445
99469
77886
36726
60951
44127
44468
54824
98309
84962
20636
86143
37534
7928
10767
3187
75516
22036
50329
65630
10230
50845
9685
17778
22445
31017
34076
10862
76697
59598
78606
16142
75419
56491
69219
52721
618
30038
23897
15278
15000
44532
1420
68885
68811
28539
72071
44327
50574
38751
26308
77156
89596
35992
11285
28392
83361
45360
39253
60057
4958
17858
92550
96728
90701
61768
49448
91318
91806
89696
22947
23157
50579
24367
8393
19390
52905
96815
80068
19830
35565
22727
96985
41512
58719
8270
69904
58431
53629
9156
34839
74938
43366
27389
88017
34066
5508
53817
41735
13665
43512
64681
53173
94091
5399
61565
29832
58303
58379
26251
94485
93944
48977
7821
35455
24047
32442
21710
82477
2423
47218
17316
77360
90583
61056
81729
41000
82915
35545
82734
96580
79056
63766
66104
89498
69165
27669
35681
43819
2399
61931
38303
12694
10908
62476
64501
34954
94917
86210
33783
97339
33427
67450
91051
40361
44857
72779
81360
27771
8323
80445
40702
3730
44211
6806
9580
13375
50826
45260
73545
53224
7191
28200
65918
34450
90675
30418
85755
85591
32979
19537
82930
82758
3338
73980
23118
48194
46758
4478
92317
71432
84922
33018
75161
45484
56175
84740
75210
7000
46352
48755
60224
53542
76954
42493
87991
67628
89262
90097
69570
38592
25986
52499
21349
29323
42830
44467
77517
5939
48944
86185
77370
50217
19202
68883
12053
75377
69974
87262
98728
16325
52368
75303
69866
45673
17795
74208
29652
23408
80657
99222
62000
6642
68072
83348
35964
10902
27814
29832
16840
93109
16016
10562
59678
51570
79444
71730
26946
49417
75343
42025
65742
44063
17328
51959
89735
51474
42519
35739
74882
23175
34960
36881
29816
3031
36580
65779
30284
64394
11963
47124
73854
27978
57685
33531
79547
53480
21612
22844
2896
13307
64869
84989
73721
98548
36948
63455
50021
95818
99193
24902
18992
50504
78134
65159
69887
14714
47289
170
95459
59251
63645
69312
87229
37681
19195
83127
91160
57158
22323
10408
86816
87191
95396
60536
85738
48695
40343
52110
44512
55887
77012
79855
22743
71497
45013
92629
2562
8654
9150
98020
67904
72795
83684
71484
10475
19230
54611
17987
92739
76933
28394
79555
80475
40141
56442
82564
5188
13136
34673
66051
69023
28036
45906
8117
15885
7270
745
18446
15923
9894
16466
179
82688
16501
71662
9515
52082
42624
43853
44820
35908
88598
40726
16382
45090
97168
15297
50277
26655
66322
16328
95677
94357
78585
20145
10241
2206
20889
45039
34481
47135
77856
34659
46174
94356
6320
55688
46437
65296
15892
91256
1203
20841
48334
33937
65931
61853
49233
16207
88507
15554
48886
536
26263
27470
20680
52855
29676
41569
97893
64156
88703
75748
15166
34876
86455
21485
6916
32891
3132
39159
40499
4335
60000
88832
38271
25930
50684
87503
58488
55542
19409
7374
56077
45671
51195
76757
98525
97222
34677
12770
61377
39731
88517
76542
90958
74972
14379
97873
24214
33862
53384
64712
38196
13383
69895
76466
55664
36930
80321
14151
92472
99729
37876
64900
61751
89071
41656
60275
86292
76332
73044
64021
32414
77913
56914
23372
52884
87644
37596
93449
21506
90979
74513
59701
20713
44407
52519
76376
97689
32839
90527
6512
48919
44754
71411
10669
33824
29419
87295
20116
22102
76691
488
54516
54603
57401
77887
23838
45045
15482
17286
66550
22813
91798
42602
43525
52557
95120
19901
50245
44310
26779
56756
9580
71532
44518
20248
21708
73936
23895
41823
96038
585
58662
50553
55187
16062
44791
79024
77458
60272
96309
44007
83084
4459
2961
26609
57015
14432
62861
7259
75094
5991
80366
84673
77522
41235
21273
99229
15171
45167
57403
27560
45751
16064
78112
17289
48478
22902
96312
25935
99525
8972
86294
98961
13430
89254
41921
86796
20037
21133
10406
95130
27123
90771
96155
4644
32006
17427
20225
63528
78945
93979
91087
24695
10043
85550
58335
74872
24803
54646
806
24327
79969
87099
39639
9751
92704
81559
96546
12741
2691
6952
24222
29813
14074
20376
50809
62431
54154
87385
25958
33098
81363
17044
74144
7757
18945
32478
82628
43747
3475
99786
68074
83444
3236
24064
93194
95940
21975
6091
25032
41017
29394
65605
87182
43468
85981
37990
22250
40134
25374
48208
89584
23088
81603
63727
30845
548
96205
13472
44294
99679
13257
28719
99474
16493
69135
9019
28784
91109
15110
70167
32125
60855
35771
35658
20674
38103
89999
42924
94589
31724
7483
84172
54812
89085
47898
85656
5984
60454
15479
66630
60133
28736
11700
75958
61580
80834
84977
6715
88294
16438
76881
36771
77292
29003
72428
97966
67106
62427
57241
61694
94150
64723
45865
48961
53807
10114
50968
76143
70568
66447
42772
47052
11534
70823
23009
89465
68009
24337
96179
56302
40774
89411
93072
34418
34765
65500
48735
1870
44278
5975
79915
38427
70697
42131
3740
40855
52245
54707
33349
22812
21153
92472
86215
49038
63295
9223
38502
31303
49912
34680
3956
90685
40442
97028
41454
75207
78879
6540
93428
23156
28866
73343
77934
99562
31825
98025
56769
84069
52732
6469
23232
90236
98941
25798
39274
78587
51373
94127
26241
1284
45159
30196
8320
85600
27223
49774
77158
22453
72665
70586
45608
1531
60280
39894
17444
8456
37918
74212
92525
7001
97033
32108
97237
95973
57906
52862
90911
9278
46988
17151
10561
92146
47346
35232
94098
90921
85005
71255
13373
57670
58192
75333
75552
34823
15226
92995
43279
53143
83559
52155
76496
80591
614
73732
76563
58519
42945
83825
84148
6284
975
11060
98430
48320
46292
8879
39240
47648
80133
68965
21669
54677
44297
97220
5851
59522
90215
49129
29016
73773
17635
5511
54363
18249
95594
47277
93119
54890
31101
77267
61174
48427
88326
75955
13098
50969
84833
68690
98617
81317
37654
20285
52345
81950
33857
58196
57823
24071
7324
3190
14195
41311
8701
84909
59559
20646
48537
52677
91888
95989
46295
53061
44415
34621
29015
57512
1941
30199
26201
557
11515
80206
37194
63860
62155
71050
38407
36329
11472
62082
39519
25666
3392
64571
26926
62950
1568
75462
31979
93455
71450
78273
46515
15864
29245
91881
89727
31186
38431
32280
31742
66298
12485
85287
46509
90992
72688
84915
27320
84159
46996
83190
26176
50388
47760
53101
29689
49328
28562
78019
42782
16363
56292
5649
32226
85536
13881
38305
33073
68664
70584
81167
34961
99420
66453
81469
6763
39141
82735
50435
39651
29730
33624
65827
96469
81384
18927
42510
47063
63841
20528
6196
80203
93171
28196
28781
78707
42077
67085
11779
27092
54020
92945
62052
69791
75750
59872
76554
14890
42606
26988
54540
88687
76963
36718
85156
74698
55645
44017
21760
35837
64544
44308
16039
57715
72503
61171
52773
30931
28255
80903
58022
98626
90200
36425
84769
65949
96296
77674
97190
38901
21013
68081
27588
97975
21151
29095
72673
76795
73111
10784
28983
54006
55091
61373
28072
43946
22544
97196
74876
50798
78099
49250
65776
84650
85674
50544
66950
81970
28217
80491
37222
49229
64923
64809
63555
86073
10255
52579
79219
83365
63363
8201
53723
34805
69574
81794
78750
92117
78990
69978
59266
73440
35579
41393
74441
21252
91936
41390
19573
36504
21880
56795
2084
3154
37955
81991
89227
48210
34569
68445
31574
97931
92998
85296
49088
62571
83442
44189
71039
78783
14166
30304
52222
66096
71697
26662
87348
79984
84403
23272
32840
22634
80066
51275
25787
18021
33265
15013
82582
67834
99810
14155
82116
92807
15803
47555
55377
15596
91744
42767
94378
22261
73070
62951
88357
61118
5964
92056
41102
90366
15327
90293
29351
11745
41567
55137
46117
74832
86502
28698
59017
2663
59204
57484
95469
91358
5039
67197
6953
96782
9963
1330
35394
99384
80632
23750
60502
86595
32157
17955
76960
47484
8247
6310
75580
49813
77799
21696
24644
80652
50393
12
83314
25948
57496
78782
17306
78886
62330
24258
92019
72292
41940
27412
71675
22571
67514
48528
25518
99670
66482
18829
63505
74728
25139
39084
24541
19289
77131
65536
99940
27523
81900
83253
69823
39395
78386
87128
18280
40715
27737
26650
29358
69676
54061
17384
8599
37926
65912
34116
53948
48745
69296
17452
23473
94434
72888
64365
30074
66370
29900
46365
10245
11799
29617
80067
67545
24354
67194
2176
65068
94930
28825
10777
80958
99238
28161
5908
37163
10424
56375
91110
59168
25670
24914
82640
36456
14153
63356
66529
80522
93256
12894
90766
21406
58862
70832
5303
83216
38025
7478
64635
49307
52655
75412
30264
51892
19924
36171
89054
30347
92545
96516
5866
18214
21429
4858
54669
35581
68213
37550
16102
77820
50443
6868
99226
25656
94051
4528
8871
32076
28357
73506
81382
81011
65269
27997
32902
1544
64167
38308
48242
73063
34823
54107
7628
56251
58964
78649
8183
43529
16198
24284
21348
82992
47503
36925
8647
41554
41452
17518
89981
69809
7375
87714
67171
88995
15710
73
90538
96228
38380
38779
85642
73202
9237
93269
45804
84553
71917
53986
28081
4466
94621
65780
87457
58476
2705
96104
29
44156
29973
6361
30316
37347
10426
97487
26341
26135
13911
33230
38714
68642
72008
40707
58195
97596
33975
3998
82148
22244
74335
26580
43061
68955
92360
30518
27430
95064
26621
43810
55571
72945
66522
2239
10291
76947
99725
52983
19433
29987
86212
74498
98628
74571
15204
56822
88518
65531
77171
70666
4126
51505
97245
47186
36811
89604
77703
80593
1019
20675
24402
56590
93619
7276
58828
20261
84222
74904
73243
3655
4890
75806
78152
19869
66728
9708
76690
55246
75238
53860
42263
79363
21716
55859
42900
58526
45463
20603
39118
46481
57629
79872
19422
67600
87147
78249
87860
71368
53152
77455
91374
74393
69612
85878
10613
52692
95585
87302
7937
87174
57513
66551
82888
95580
22409
25787
54106
84223
62741
9575
47056
20370
89446
66477
4321
92944
44726
92180
64312
14229
69634
72037
4974
55598
57914
15586
8289
69850
19240
32577
57023
93104
99127
39910
5036
21535
82049
59141
22110
44789
85067
69165
81510
90865
35641
85830
83808
96718
94362
64471
27299
63995
36508
48624
19592
10773
80561
27880
80623
16152
76808
53997
9256
75934
10259
14291
13821
92307
89783
35930
53447
91201
21446
34957
82065
73438
37138
65873
70156
31499
30343
13806
11846
83202
78781
47789
10327
59341
92021
7301
75493
68828
61297
1100
44762
87907
31742
74934
80213
21524
10863
50012
12724
48660
84968
11141
22097
38457
77013
8604
69956
23707
22409
98153
23261
17541
45941
33587
93234
37961
57239
68726
23141
18535
86177
67902
6442
17918
59187
3006
55793
86401
53017
84868
35060
54336
96008
57156
9145
73020
65760
95452
13079
4520
93604
36339
22061
55896
86277
15294
93857
43515
371
33349
78401
86547
1250
1194
20816
60436
4200
76608
63188
73568
61475
98247
44256
57483
55402
53400
46854
37513
48851
59932
42033
42454
12622
80445
98349
15250
12090
8557
58764
28812
41905
53517
31710
59506
54710
52525
36293
75261
45484
99480
65181
23310
97726
9436
80792
69480
79187
43998
6992
28037
20281
65376
86842
49255
62172
1542
64504
74261
10099
39620
19424
68355
9488
51133
44213
64197
20009
80505
55810
65492
96337
20990
88802
10414
46777
85945
79893
25963
46294
3237
53999
66575
68612
57192
32181
30784
58733
13036
21396
85183
52655
40820
53538
62142
8304
14102
42691
28313
10958
14852
93804
7294
35841
98957
34060
98969
1254
30304
24931
47547
33540
95281
30473
18504
52472
62653
65639
11204
75689
87034
96387
44695
44205
66276
23189
52509
96729
82231
80821
7686
97082
90976
31332
32922
6285
65391
31890
7538
95694
73172
55084
45586
68452
1909
64089
20923
80913
29727
48478
56601
33112
61216
17648
77317
43843
40836
29825
40571
23066
26997
48257
20147
34324
95940
69420
40608
61330
17661
48145
73375
7184
19581
18960
75635
37841
99400
12909
18753
29126
61386
91706
78590
38954
9353
55906
82796
66540
2082
39719
5957
45430
4327
42455
79753
266
28226
20361
77947
62238
84857
51321
69421
4437
86633
45055
42277
86032
74315
61030
31510
52052
69087
10099
91005
78439
82356
90153
61330
789
29871
67286
46218
34197
26092
25970
34462
54317
46330
28760
16554
47539
80080
2326
51975
66712
63732
10604
69096
38046
87985
605
90097
57071
27055
97454
51861
25762
3958
13190
26550
33828
96827
72767
84376
39270
98736
35189
93586
61418
63948
26491
8956
60379
28816
77282
27091
92547
87885
12538
46944
92221
29494
53392
49291
72900
50845
17503
98661
71154
47044
25210
4981
43870
97976
5708
83139
13063
40896
93076
74480
21195
35918
99787
81574
81085
77069
25016
89983
81305
53905
53278
73526
83398
6670
39168
56297
73866
56671
54957
45020
3714
80166
66352
63936
94493
72060
63426
7555
29307
72854
82035
66854
25123
98173
48427
6208
91593
89794
12542
72898
43698
65820
62775
27095
72489
18294
99743
46354
74964
54699
7725
95030
51216
74077
75317
45708
46136
38742
53262
91794
27947
51648
58647
53070
49821
23425
75629
41413
13218
88170
30662
56915
53989
93436
361
42829
28082
103
5535
3045
71153
13259
14426
22368
3687
89742
84427
49822
44836
37689
57968
72782
5688
16614
42203
55508
40039
17831
13273
69608
6001
43934
42875
76341
53722
43235
35522
81803
59690
57408
1199
47194
70666
31977
85914
74353
21718
70340
40526
82905
24380
14845
72039
30068
31459
14241
85575
87849
32072
15199
57456
54424
59133
16682
47116
29206
59917
98989
27360
35958
56396
44910
99503
43414
76886
85416
34118
14956
55756
90995
97860
80135
5840
69898
10202
37298
491
12129
41498
32562
27327
15305
3337
2811
31987
66804
48368
8255
65793
75727
60564
22188
20637
60066
65601
97522
45482
99718
12477
1237
90713
26689
97723
12904
12938
7925
50201
13428
36405
8050
62341
63731
23354
82029
82894
71692
48833
31261
96298
14625
6988
56861
36812
43976
16927
18765
57849
62408
34834
86678
79996
41898
13366
94070
54801
42655
18346
21353
72435
54750
29402
51127
34833
69108
33156
17726
57151
81988
48986
53449
96612
72325
10309
49775
32652
27235
84891
90501
5994
19725
77178
2341
77974
6895
12763
32775
65901
31108
70479
38335
85858
99881
89462
20690
85340
22617
38415
42490
20956
3752
95938
33919
92429
22599
83693
25080
66185
84936
15580
88531
21012
9109
90871
98985
16003
19985
48111
81904
51093
18590
36590
36950
34822
26051
73991
36513
65019
28757
79002
85974
32508
91292
19892
24936
13890
19937
66368
80074
4872
81947
68604
25883
91056
75827
41219
23410
95811
5682
21665
46903
24271
58255
204
75444
657
74194
11956
65676
19302
7309
51649
51810
98600
71541
93097
28841
7829
59464
25267
12700
57763
93870
54934
65170
86048
12504
88579
98211
18185
26596
61465
42455
84850
78021
34250
1858
68566
46205
67533
87868
53514
35534
56029
68465
23426
49125
97306
31254
24941
22572
43953
99055
32793
15238
64224
35193
27741
69154
33403
45926
12101
94867
4732
13302
89239
38982
15160
57805
85186
82692
45672
55051
18225
1700
23516
41650
67176
20821
72903
8468
59744
33207
7522
92536
64796
88097
27728
8889
73603
77482
54814
85703
88701
75897
99005
77939
14878
14164
35743
16416
13207
97766
71466
47784
99465
94981
5785
82993
32153
95040
91460
8248
44598
15334
784
9394
19782
44863
18282
93384
22345
89447
95439
27397
65343
94443
5335
80221
24958
57430
96636
54516
55195
84453
2299
71012
95786
8084
54004
44290
3123
61815
52538
47720
93500
69673
73465
13282
14535
91746
6665
53231
97544
2103
80627
62887
12897
2314
43107
54206
59743
56094
8722
31289
56898
11020
2300
52683
35455
56303
96973
54929
34470
49510
19001
27969
35534
92465
41250
66420
563
64267
19651
14458
82721
16629
77344
95618
35294
36802
49823
11388
9247
74896
42677
66145
2268
44976
18827
37722
17631
32151
9003
52100
98012
28003
80068
33545
36819
37670
99965
53733
1936
35967
68191
84656
68947
61886
80273
4241
98688
46448
15628
7934
21343
58304
90430
23610
19632
25609
77684
37262
57759
3038
89361
72123
47392
85780
22019
84210
23449
21983
54295
25384
74301
38837
10040
43248
722
6664
63840
99409
69463
95819
23695
7158
54123
14124
47119
73754
39732
41154
27367
13843
44191
16727
85965
91582
18858
7983
92144
42307
46318
46438
67690
36970
1626
94081
96569
2347
17097
60408
18108
86559
56227
41802
10068
26701
72277
57187
16806
12009
98340
44172
42203
42531
77250
28167
50464
96107
52501
42607
38413
15170
5396
22455
52140
7021
32887
48708
25720
49983
25468
43827
52894
81694
1980
79313
24746
74256
36499
41551
2616
34839
85722
61170
93721
62971
89336
44184
59077
58189
3143
13842
73358
8538
36296
41849
15559
85534
90557
41278
35517
32376
1456
4762
30421
3435
84074
55166
94042
36925
96716
13010
88115
98789
74179
81835
78111
79867
42370
37187
38055
45512
67380
27764
54050
3675
69613
85960
89209
76521
43589
41077
8896
45044
62190
55668
64830
62615
10833
75223
99539
23900
88232
87653
22688
78763
85839
798
58629
28209
54336
13035
90072
21716
57150
44121
41742
26762
46432
47302
19634
90020
4730
44881
51415
83271
548
16244
45886
11380
91467
61776
51631
96050
49429
74318
74812
51619
91467
49792
96179
62155
62826
86251
222
19976
46723
58315
63089
93155
21969
99075
99526
43050
43955
50941
26321
44503
83536
88558
72234
91354
50333
23865
87404
16113
14534
78567
67732
22353
28359
63910
84507
7536
66512
1080
27511
13235
75746
6952
22741
97714
6026
22266
40764
49980
89558
67084
10834
89446
55641
83068
80799
22325
6932
68202
38438
37817
63121
22521
60169
91479
86430
61027
99014
69294
78458
42877
82528
54204
66180
5268
68269
72205
43885
9032
38536
49795
92467
49370
39240
64459
48789
20038
86784
72072
4592
41573
9888
67712
64093
86409
59190
66874
47435
74555
36167
42245
17431
18694
96448
83610
40313
64716
72166
550
90100
27054
50344
82566
76423
89583
63377
41563
9620
66512
13634
30563
8084
39873
98274
72176
26281
73815
39049
90068
48370
91568
32312
82152
26613
45111
82114
66926
26178
70631
67475
16277
97684
17818
15195
90458
23752
94923
32020
33371
61434
62005
63934
69517
1878
78559
58044
44510
68726
97092
34577
17095
5011
83240
15598
31624
28350
14063
98549
54528
84694
82375
87156
98729
16544
18702
89187
40295
13624
21206
90017
75057
99563
53950
44573
1440
48861
2616
45949
17586
16060
96878
51032
21070
80117
82981
69045
24819
97044
83945
95698
98089
66319
82853
96817
99214
17907
86003
39508
31530
23561
29525
6587
23123
99826
67511
40914
65038
70127
3214
82623
2538
91
50006
39959
96560
32987
9004
21378
30030
92948
33427
44470
75619
32631
41286
91184
50537
43641
30692
82067
67201
76568
88653
6675
92745
72515
47588
57783
42641
50801
56757
61530
67244
6763
1489
63803
39749
26844
1532
86130
36143
34958
30599
28113
83940
88236
19297
34477
31876
66340
16543
15428
42907
21547
38454
52003
94061
2393
9785
53054
69546
66542
30935
36789
89656
48775
16943
45756
75618
18474
31885
28113
69783
78835
72577
53722
83422
91873
4550
31650
74564
21092
47077
33822
58990
1883
85825
69403
4275
95609
38808
90172
78502
69742
43312
68157
18517
60254
13912
10486
95079
62148
54950
81213
57334
27527
34935
40756
35751
39484
72405
26667
76928
35833
60488
52269
37715
46312
38023
58342
58273
76830
64865
53126
62924
8177
37635
97792
68430
67898
8277
79861
30046
79579
61073
3731
23457
96007
44486
75559
51843
33242
2225
45122
85427
79065
97390
23141
41728
35413
97834
100000
28594
62699
53126
91517
70875
90760
89308
55656
75009
13937
35516
5054
9867
12941
25137
33323
25299
69622
25233
77141
19216
43810
38614
4642
22874
36004
44134
64601
87768
58320
80953
32713
21018
50430
24230
8244
57541
29889
80251
32549
43825
32119
53955
53691
45059
79091
3365
70357
65064
44950
47498
84279
88759
86111
88920
27984
38466
49406
8936
42585
7725
89888
75298
45094
40317
15879
53337
14209
45767
49939
46758
5944
82057
712
75986
27115
96154
79351
97472
61217
40652
44969
45496
29410
47431
50767
57393
2249
16524
66328
61185
24248
72568
36482
69341
29236
68712
39029
43445
14479
88968
90202
20422
71024
7265
96407
98139
3418
92109
95610
80986
49112
56930
42833
78521
20712
9952
52265
39312
26475
34945
497
50723
7512
53330
36415
53099
22042
91796
96543
52872
80763
3096
89645
51786
26712
2403
66276
30129
94512
78237
27467
43623
35166
70299
38496
72230
80250
7112
11541
6725
42056
28389
73799
65919
98071
26565
19018
36464
18360
31912
89335
99122
35008
78979
67260
61719
81381
33535
8200
92244
28124
52018
52219
63289
22316
7066
51870
2566
14177
63411
25642
72585
8151
15792
54855
6221
42356
90224
42684
60716
22136
48370
76189
73495
27348
43448
51565
25081
93335
59764
33676
21458
28133
2246
1098
50449
25663
52968
69366
56192
32730
95007
28776
40880
10798
83630
63453
53153
73854
6136
30220
12341
54506
6409
85835
98205
66208
37399
39637
59542
13515
89665
97351
41647
8262
14801
92095
33925
67768
61460
90116
16849
72818
18891
74080
83615
18872
37532
53120
9077
60020
99691
37769
30877
6099
23603
29081
88659
61002
85070
64552
90868
91086
61903
32514
99347
76703
24609
33271
60822
2420
23386
94022
75238
58628
68101
75204
93852
5633
44675
19280
65652
44366
57049
96528
66816
97003
41960
55474
58004
43381
20026
48871
34466
98280
97737
33813
91334
38697
83435
68507
41116
23173
62528
32705
98152
30628
24261
92003
36260
85287
27635
18263
29652
84683
31142
12820
81685
89454
68293
56041
32834
4670
21263
83652
2949
18999
33816
10634
57695
17250
79140
15163
40422
41667
64219
54926
72295
88479
46928
24906
73766
90914
59521
19769
75596
7014
32588
73633
96467
17233
46025
45653
21902
83639
29304
41203
2638
79471
51836
76684
13072
30976
91846
69846
88994
72417
24771
61288
60895
71698
2546
51012
78964
78418
87133
70911
85431
19720
44543
98250
53304
6919
43902
75206
90558
89557
32760
9547
69027
84595
86230
82098
31922
94428
68295
20916
66844
93065
98555
44090
81115
17452
11454
60078
95869
98586
30988
97652
34657
91883
95901
87961
98801
56154
79518
89358
45710
28629
15256
31088
29575
1486
29537
61497
12265
97832
98764
79108
90896
97318
39549
72010
31122
51002
32087
43342
65939
79427
57345
16948
71309
53245
4908
70109
25750
777
75819
71459
29405
91074
18898
75331
8911
64787
36827
21175
78970
51942
16634
69865
65612
56183
58227
96733
23536
6665
56426
89475
86091
13771
6422
57399
67015
27681
43860
92765
44809
19678
80575
90565
27103
15825
65895
36014
96963
19074
73540
75932
71015
90174
45796
36626
62708
20374
33358
86243
43391
89784
92069
29481
19906
14842
3232
86920
58874
47091
96036
3682
83120
92963
10598
26574
25139
76493
62587
22101
11918
36127
98032
82932
42652
60179
19558
5359
96905
69267
7953
40295
75402
22
86127
95307
14863
89358
98579
90089
52800
10966
93770
35919
20280
4368
62493
45418
97212
41431
83870
9129
93909
98253
92060
52912
74784
27969
58270
71688
13588
66223
11982
5341
82596
98108
648
13810
3818
15578
3898
56617
26543
97668
8888
63175
18387
87732
24944
31950
45514
8814
41078
55775
23418
49489
8686
98201
93810
66956
69888
7397
49530
98221
12737
32125
96329
29736
45934
16498
61665
49832
89466
88208
63851
98353
51382
98589
2436
92677
30538
47950
1490
87967
3724
41260
53807
28761
39460
47616
95716
9348
71364
61597
7568
453
10073
20248
46540
72359
36745
8205
38542
26211
12764
18744
40915
80497
17332
59703
73173
64221
24004
91015
52187
44079
32274
22345
72839
71733
69961
84907
97432
57676
46503
5000
74480
72928
41599
21020
45286
94696
45576
83827
37258
58339
2570
78172
38835
36253
54226
28359
473
78229
19373
69011
22307
51646
91355
95146
39731
77667
80052
37162
35343
42906
58513
26174
15833
112
63545
77470
94807
9120
77648
32064
83810
96569
26587
38996
32821
80813
67355
49645
75393
3079
35007
97700
54725
26362
9197
10807
4028
5600
47968
55722
64857
22833
98248
97042
22944
61792
74511
34102
87264
68511
82517
71073
65079
9103
10069
14252
6267
93775
80248
98012
96853
15255
95711
67929
41616
21259
78735
61995
43210
43055
34069
8066
65887
32316
21459
5182
10459
95970
39283
97722
80832
21799
85147
62262
47253
11567
76513
69872
5341
73113
67883
2193
88367
79945
86474
46334
1203
65208
24680
60764
24614
58748
68829
6852
7415
90288
12033
34226
2609
67667
31947
99792
89465
33445
62053
53070
45011
54918
22941
66703
28030
7175
85248
16396
87119
71721
79081
4673
53280
3760
65436
77894
78860
50616
84745
2626
40903
13130
36851
59863
80796
85150
59654
86613
18594
38059
56034
79957
92976
78974
46659
21005
86148
31906
53752
89618
3626
32832
94290
56906
52943
59725
51151
31802
10340
52247
50780
67595
81728
87630
43809
62524
72779
3463
65488
7725
57873
21521
87681
50848
16846
34339
71852
19345
66245
41955
8962
86222
91138
3251
59479
44080
79327
10629
92234
89666
79228
43013
73612
60955
46994
17421
39830
19773
37235
21669
43849
95107
59541
31529
45954
76386
65867
34157
12082
48463
76111
37395
34685
83600
56997
94163
27679
36323
4792
36264
42341
371
95628
15952
77677
42622
33372
17507
78746
86958
55527
22594
82064
15068
54122
28017
7805
36340
78525
19887
84803
70987
57281
19487
54586
14278
13649
98617
66952
34792
34880
9292
51514
46860
41596
29191
5833
74967
63049
84578
78277
18575
23523
60340
49994
93996
4709
57799
30335
83233
77685
15137
54220
51317
50975
25157
65594
80976
23773
32546
15767
75005
58189
67281
21864
99784
12823
27696
91103
75871
28625
69379
10797
68499
29718
60791
62494
34426
18589
92828
34011
12625
24317
4582
63941
91643
29738
45887
72618
53511
94784
4737
44867
52972
72017
83082
69108
1191
10777
60210
77061
55753
29588
4209
24251
75657
64999
3096
26435
99939
12275
60445
28915
36591
65026
92856
44586
11115
55094
17203
80977
66229
21939
25843
35552
10307
8924
4659
11497
36052
81220
4909
91804
27159
9118
32406
2816
90468
35501
45602
6759
47776
6046
35673
718
87423
44880
45303
98537
99973
78858
79514
82553
17148
21708
18105
27455
30632
39115
55303
66683
20335
76564
74839
47493
2033
7244
66660
92500
59097
12261
99258
23224
34658
51283
23941
22080
96162
85596
36969
12487
80805
32834
95039
97952
54541
13143
41758
85172
68610
97061
68207
88944
89976
43045
52788
92008
66640
35800
859
42088
48060
16469
65311
82718
67751
5604
21149
63912
7551
58117
76398
88355
90950
87789
2658
61843
17283
44416
47014
85892
57828
15220
91187
47803
74616
43975
56162
41256
79774
57020
83343
44185
73488
65006
26902
41238
70609
64403
21502
78159
38871
97899
82865
29821
85687
1874
8015
2970
46289
55028
5213
20468
86600
96400
84622
61215
56726
40783
18822
36499
97803
2165
97035
87642
67170
23937
28880
54130
4691
50381
48640
43561
64631
47856
89733
66670
49729
97747
85991
12370
52775
91203
32837
55726
87602
17459
16940
60679
74593
35762
97177
72395
54278
10564
60037
37799
50852
5268
8280
55542
72000
56919
99102
52982
4774
88835
19651
70854
86581
21993
83223
55707
13196
32412
27784
17149
66222
44724
77828
40814
96837
91356
29561
51114
1919
5949
5264
52770
11216
13543
24663
99567
70461
23765
52548
91586
28951
72199
78791
31883
94191
62014
3942
23738
94425
31725
57239
60646
76448
51418
1459
89636
42773
47371
57101
61044
53319
62364
30165
64534
75906
54828
64100
62718
94944
16648
70655
23894
5198
49446
55776
15740
11459
59717
55830
22235
7794
13068
82880
593
64485
690
90229
23609
64413
47329
1004
17731
9693
31169
98617
1950
2348
62716
64668
97291
95715
35322
37536
17264
84767
93311
49356
12577
69380
5185
34811
77173
34604
34042
77765
99088
51084
84345
39048
15496
31674
40052
33226
57718
87572
31842
59667
89919
10910
40686
3561
22976
92360
41096
56592
93478
50758
5947
6055
20137
27483
57217
13661
62086
7611
7778
77525
58694
92122
16572
90541
23795
56623
40118
97864
60546
88312
73883
50464
99221
14568
70376
38548
6927
11471
11491
16757
62229
17437
22811
98717
44919
96379
12378
23356
3989
20155
880
79034
12276
17452
69574
52423
90426
9692
66638
50972
14355
40520
17787
29927
55088
88163
68474
78366
15985
79965
95122
78213
13753
34284
76930
75024
30663
5659
98379
51003
25813
99259
30037
54440
33062
15962
23214
23487
42005
89852
90810
56359
30371
8597
86285
1810
13111
71111
96528
29095
67427
8001
23660
81179
58637
16941
72554
5651
38951
70933
56653
64763
86543
3041
35554
19604
19003
75120
59442
77359
64971
50252
33718
11693
75200
36354
29855
88310
7464
42734
33756
74890
67086
73767
72421
25722
90707
44974
31372
46009
32258
4377
10771
18800
7417
62677
38403
42771
54148
97845
20130
35470
48096
70199
63514
39647
6552
93368
27956
30368
52453
78063
21609
19539
51830
94029
45260
58888
39003
92984
4897
71260
97360
32019
6412
21128
11047
44814
63899
65194
59010
380
663
23457
86930
64177
63103
93481
73896
7410
40200
26349
85473
61809
62239
53654
55837
23850
28893
11191
16833
33789
98803
30544
82160
5214
51672
93206
66379
31922
74752
25389
32301
75414
65197
19230
55942
44652
29062
29838
52061
69262
72538
53885
31070
51128
7538
3258
74977
36431
14449
91810
86571
29603
22353
85082
34816
90376
94640
1194
22297
69391
42934
54597
61156
24483
90178
33450
69134
19240
79639
21194
4853
52176
75079
52274
3303
98968
55531
94631
51750
86331
86440
54673
15933
25145
39754
50748
31872
50745
68294
54169
36487
27579
25117
97643
52061
15295
47444
21194
50886
27082
42388
55738
79257
33818
8011
98911
32785
79893
93541
887
66224
96333
55559
82156
37829
11664
49256
86052
62409
33901
40220
98895
61479
65337
12889
13540
96983
60332
34733
47868
87413
93472
19957
83021
27289
44319
98283
76426
24211
8176
77312
6786
20860
49222
5294
75040
77237
54549
61091
39645
4801
1311
54892
66279
82999
84132
79818
79981
44464
30903
27848
48228
24374
47804
47601
68015
92122
45883
44440
32684
70410
38103
39470
91269
87324
61115
66308
80912
15663
43751
36909
36815
45061
91800
3093
44411
92283
99263
24391
36746
30165
68590
1326
70890
16393
48926
38904
24866
11160
99695
73901
81570
37797
29722
89190
41472
90836
55498
22384
22850
15600
59292
59664
60660
67443
62757
21422
59725
78371
45812
12823
24887
14401
14148
95776
47145
79425
51032
88362
90584
50726
62262
72153
4875
91984
61343
46346
82819
33192
85081
5669
65143
60724
81684
42154
44518
60792
63575
4243
39162
9386
33417
64048
23786
63916
76176
70930
43340
43559
59291
33923
10636
37904
22428
15510
46239
122
78208
29058
49665
63288
51078
14807
40364
32761
56960
84881
9905
20534
5475
49066
46271
38891
29466
70056
2806
21993
57337
46145
65551
32979
96420
76186
87234
35199
8048
33473
51672
86255
62530
1336
49542
29959
32494
6257
79071
5805
91138
88975
42690
96612
54393
88960
51855
83858
75367
54660
22202
32703
17157
4104
82033
29928
80289
69266
81478
4688
2738
33149
90942
81619
50836
56836
11577
99681
63092
7000
5485
54229
12326
48174
67193
66718
53485
19047
66927
28851
90058
89128
61553
23566
9583
59937
53493
6224
29202
51322
10911
31940
84470
1853
29910
51657
58688
57839
51337
21779
64838
56821
92360
77163
21346
75904
60233
74830
11302
43511
3680
17711
48991
81584
41277
58573
41520
11121
64796
87074
62443
75707
19013
63264
77559
65274
14921
52598
23112
66257
90728
4301
39430
83087
97816
60775
75342
58048
51957
86643
17910
71988
4354
66900
53572
61982
25473
11443
73102
90268
98516
51896
82326
33880
15160
59884
99154
46432
12481
38617
12688
19561
42918
52117
18999
40733
29244
94341
15132
97552
97335
33041
69539
18040
99941
39462
80021
41765
50905
69475
32032
49420
21370
14358
83300
52881
90593
98805
99312
19426
37421
28352
38986
80338
96820
57984
37422
26063
68676
52553
39966
66011
1946
9505
84050
1886
48966
80423
43650
99870
66249
92033
65642
3970
22742
48941
56851
29687
47745
72514
65464
85165
865
20801
81855
97685
78784
19276
40099
63812
71829
80065
46174
73774
5921
46575
92011
71238
26997
52012
87460
93245
60396
53101
97215
99490
18393
70417
29176
82489
42930
94639
84005
60147
15439
65859
74183
10574
85135
30633
90737
73315
10697
36910
63440
32969
83485
71802
4207
10481
23813
91666
20078
560
61118
33644
49
79510
4060
45576
61998
63341
40214
62354
39839
72004
28213
14021
98930
29699
44654
89666
3013
71702
26576
66452
4671
10060
54605
25229
36892
94769
33246
73321
95328
94363
6964
11729
90224
27375
57304
68573
90716
13870
30926
46906
85873
59138
60927
1154
88836
5580
90820
8200
93633
33747
91003
98303
60158
45607
39883
97049
40375
73128
86722
52055
83842
93685
63783
74065
37412
21086
58989
44479
34955
89915
91384
37180
65404
52310
38333
70592
74241
45504
78791
67874
79250
69794
82528
39407
31752
38763
52808
72127
11890
39529
24181
12084
49565
87963
2500
86976
25400
61489
31454
60355
67755
39190
13886
33158
7851
52218
3749
82092
97722
98892
66317
93323
68685
65196
32730
436
3958
1889
88914
32200
41417
29446
44283
7333
33760
46782
10661
59160
24622
58466
35866
92376
97655
49751
41886
5506
18320
45634
87597
32393
44525
70265
25716
29561
35460
74797
46349
39418
76685
51614
71617
34453
81060
15899
41785
14819
79032
52445
90330
20006
10911
42547
12381
24917
92297
70618
30422
26969
32604
34370
59361
93480
4634
85076
23041
40094
76224
85741
95863
52908
37354
67479
3712
18413
99729
61849
49584
95112
30645
39913
15117
57907
82460
43850
82824
91108
14467
29597
18076
47070
63967
93789
40550
84952
78864
79942
41397
55088
65682
37259
24347
19387
21089
44411
37800
20817
6259
3735
15929
36903
59999
47397
11162
58810
7598
93985
49918
38417
23581
84345
85486
3899
78133
42387
88851
73349
38680
30247
44788
20713
83858
85486
40100
4946
29896
94251
25763
36154
97985
58043
89409
74335
21791
570
33145
29389
10906
99414
67805
50838
83758
69642
71089
78243
28381
59939
51591
83412
6537
96378
4125
90394
81863
60576
95340
28111
71178
37454
80616
85514
11848
70024
59848
33638
86945
92992
79378
14202
8757
47182
65040
92515
33176
36128
87109
61556
12418
38699
44967
35306
51428
65443
25700
49642
42370
37391
77752
13547
91196
74720
99060
3043
44743
58908
53032
48040
68251
32410
62241
77008
79591
43632
85874
29118
96111
72982
90673
8528
28032
51992
43834
79459
33786
85885
45452
76156
39627
39556
89702
30822
14275
88762
33864
75369
64021
86895
23408
32271
19304
2001
9278
15247
45632
11503
44364
58095
84484
51389
82974
12515
19732
26807
8325
53517
29043
53777
29672
68669
9684
35726
99490
40310
40839
49705
15678
4859
52952
55438
53481
88607
57438
79111
3853
19421
90613
64569
77515
75097
15957
60489
3963
35688
3647
12288
5556
49042
82416
51580
17710
8451
3657
33552
48760
44495
99608
64437
49353
52559
19874
19185
41166
93663
98295
61370
13084
88908
25938
90598
64004
58246
67438
84318
10285
71085
96605
32193
36478
79020
83772
54187
87470
87428
4090
52581
48274
20050
17018
13978
72608
53243
33162
30125
46906
31457
7847
59989
20364
50136
66938
719
24734
50728
85036
35018
21812
97993
83562
58289
93364
83685
28827
80834
71112
49269
49766
19385
69318
66783
33362
58277
20026
82876
4754
83283
14332
28952
43271
51047
79087
26560
51765
3820
77287
53152
55190
15450
51144
55103
90090
44508
38788
35269
41693
9899
84537
91458
45636
70206
74593
95349
44834
94618
78224
65939
94252
8907
94890
53874
59953
73977
80433
11717
94148
74072
81221
65689
89521
32364
20792
95963
93223
59579
31231
34915
85829
32119
42725
47816
18676
17317
43165
63509
28286
37740
29448
22537
46647
24337
76410
22951
14665
73194
51020
25165
47265
32240
90853
53138
80955
11644
49100
74178
87574
96682
9092
73403
28800
51816
21218
47475
69132
80734
27335
13769
34826
73134
36305
97824
13823
12714
20774
28487
85908
71793
53651
49524
20384
60856
2661
1339
88851
51760
75516
76425
64793
959
49827
93592
69127
87396
57418
38258
68130
1105
52027
19307
74238
4683
17130
88060
33749
54255
32899
19656
26048
2901
85531
62783
80108
88192
64121
68959
56303
39636
45383
21096
56947
11561
31039
26073
98956
88457
80682
83437
5913
49060
19095
80150
53743
36224
84562
87491
90479
33812
23498
32878
53064
9028
12012
33172
13571
76133
2130
69874
32120
63864
7321
89066
75424
38359
15138
90731
43167
95820
90520
49079
44879
9614
45581
98621
62190
46494
2463
69020
80305
25960
18249
49720
51340
30260
82891
64910
6392
1372
51135
54864
65235
58455
43929
57010
13166
75419
64093
72684
71238
54612
21763
32468
80577
83695
47441
42766
30188
49903
11785
26844
75863
30033
76563
27202
76645
75806
8463
83036
77177
59598
37899
58764
34404
98180
15773
47569
73598
79865
20253
61187
50828
58367
93654
31405
42061
41094
90522
88600
90997
2307
31795
83211
48691
24709
26764
25335
514
35226
24723
77691
11175
78973
52806
45579
77152
68578
9499
67101
64795
29751
28287
31974
4469
38293
63378
62881
79386
53900
51480
86734
72558
99626
69944
21248
24335
13059
62935
24848
64637
87657
18890
75811
66629
71695
37741
60133
56625
47240
43585
37771
93342
71872
69744
97811
10164
49474
60691
5901
19725
28523
92635
92282
28148
78930
29881
52482
8341
92815
93682
72977
96823
28923
65139
79804
16970
19232
39936
73594
66471
83520
11364
59812
71743
97459
57622
98258
46932
34665
20511
66656
63187
29497
75289
91334
24778
21522
60168
33118
14336
70201
22446
27511
99123
3937
7314
32444
23168
63601
6037
5990
63472
33752
82153
35215
31211
56127
49824
94494
90791
70334
77502
53977
16182
52790
61662
40960
74311
38181
74077
4999
8381
12875
48861
23856
16811
56174
56299
56330
19774
78688
62319
83245
12439
44471
34811
60001
16949
987
54495
7739
87672
48348
61715
3854
17489
39729
44813
91800
77909
35241
13150
86290
48115
62010
10145
81277
34535
82795
37606
70660
61482
16276
53904
73921
77099
5067
50273
94047
22405
21119
1786
10076
69466
79852
13929
86955
19580
58741
95106
97489
93982
24607
83778
58448
86616
10274
39725
37502
9420
77330
8161
70902
9958
78416
61174
87056
83482
11446
97454
5886
32565
15591
32314
2030
95443
46242
5336
15022
21335
441
28862
15316
25047
28991
73763
28014
55616
29839
65515
65036
23521
73675
35937
33478
52091
97110
36885
51924
24907
34338
74162
57471
66281
6475
75853
61723
52716
81188
93096
74050
97981
21958
5717
39379
50948
95832
67393
22916
25670
49259
87951
49190
22934
23887
99019
91376
37348
52255
59651
62254
2945
33812
36077
69225
56638
11929
30947
9354
9468
40394
99755
23800
62351
21824
63179
29651
17655
46923
52566
59676
96181
56868
25218
35466
80754
24236
43193
34453
92843
2844
96706
95787
53007
32782
65011
9645
61062
12309
35350
86882
52702
35104
27033
31405
73279
90211
77407
90933
37133
29972
66961
33314
86839
92178
85131
83944
32765
28324
18396
25607
31167
31453
21393
525
80587
2755
10169
58000
15063
45518
44881
84117
96974
71914
15521
70252
78476
92927
77537
31961
39250
44497
81626
42440
53026
66756
42735
85790
95079
61130
27749
42597
92582
65493
43122
73168
68248
69642
31168
99662
15160
92400
83778
28485
80665
99298
15088
75493
8576
92624
7453
47825
53472
89078
6616
6497
55833
49350
8639
67264
10479
36387
9860
19413
1879
69333
8932
86478
38975
56451
86140
70486
65203
86269
15322
62219
1919
30409
37711
10494
23033
45163
74671
92856
34240
81286
99353
90073
30636
24343
57336
57466
60729
83547
93230
78959
69232
18514
65437
24558
74964
67928
95043
56518
54196
10364
18737
56114
57124
56447
66608
96508
1610
41278
89364
35849
38915
5068
42273
69550
29410
15960
43368
90138
99507
36597
69096
85090
71462
50884
9647
46426
18811
21041
19295
73007
31404
38031
29120
4879
94478
12079
1387
12439
53356
90750
64639
8623
95817
6912
78172
25226
22871
37891
31715
38729
90840
17162
23818
62301
68046
33464
25078
86856
54504
44373
59862
2259
82403
5334
7138
93232
17412
24876
22022
87120
15625
86661
95742
27793
93572
90265
53018
32794
28156
1084
71523
35347
18245
11692
97647
86290
61508
22725
73146
16011
83449
49359
34622
65851
71044
58111
75435
4808
82986
97456
91927
14962
468
4020
42754
94039
94284
12123
43185
38791
13206
14707
90489
31450
42750
88136
17740
4257
27212
7237
20268
10660
72947
71241
92862
43991
45703
68296
48798
45040
82104
57076
60001
82571
61095
19106
92962
71730
31228
36146
26873
44433
67204
17361
92234
9953
21848
26325
14210
49059
33561
50829
59718
22860
38421
52580
83202
84123
37227
48351
29162
35682
5426
5514
18253
82872
24619
27566
70953
55846
80063
14177
16630
63618
31538
8863
73570
53385
35188
4131
18796
85100
71311
78513
7959
9731
47444
91160
10205
84671
39510
39366
36704
61287
44879
71308
60510
69497
98873
31463
41694
95287
45639
58323
58904
93528
83538
48826
63265
18725
52956
82060
20176
24267
76924
28135
50349
24368
35646
60554
25390
91508
16271
62093
52794
77502
33401
29656
63350
48625
61118
5044
43912
23108
79718
19167
32988
63255
67992
96252
98331
20948
78311
18507
61566
55234
62993
28266
95953
98638
88819
37694
90145
21442
99787
59291
98943
49539
88946
78644
14515
66415
83687
74778
5874
79757
93945
38861
59363
61936
35112
57694
99235
29774
92552
77152
1360
55544
5418
97312
54181
10588
35006
60678
48381
51144
36320
47323
17034
41617
25967
31548
8031
26005
22678
13904
22113
16622
69117
81476
94909
4228
39169
94144
50354
48072
87647
51713
3615
93064
65376
74147
20004
16733
51176
68384
67876
87495
32059
1261
29111
74377
49161
53493
381
71838
83749
38846
4811
52865
20321
99719
73444
75841
10214
23797
23912
97861
91861
43878
7276
57237
18024
27279
90321
69200
95663
74549
73046
44073
75809
18509
18449
24969
72001
35181
13158
55749
74026
17968
24965
94346
17687
98409
86538
44252
38557
10449
42112
46770
54326
49388
20358
88702
93018
10678
74253
5032
85226
47298
49104
77387
65806
67552
2355
54159
2733
31865
26259
76758
49832
51224
87456
83870
65984
73993
28122
20892
794
86585
67661
55119
52324
88018
60172
45342
98696
34424
50373
273
81722
99477
77659
63879
83380
96366
18037
86112
28230
44296
79222
78061
11871
66677
78283
77854
57021
6404
15097
57814
9340
82758
29285
61664
70775
89456
7005
85822
23880
73729
86095
21953
89557
63753
2183
72937
60118
20220
75400
88347
80867
54621
82760
9089
37649
61042
3294
94670
83797
18390
68835
93136
1147
14471
54799
88274
3927
78155
74095
44158
51884
60189
82462
57792
40294
84644
30728
411
21215
6128
5110
18433
77100
4221
27521
14749
81614
47166
25770
65410
65556
10956
74897
66702
25427
46048
71327
29353
40554
45422
89862
8789
21962
88675
66581
78607
73318
97308
95370
10885
19787
479
29317
96887
21051
73190
27987
2664
20355
53756
68073
2262
64711
59321
68964
90137
5368
56642
35841
45922
2063
42054
71062
40377
30728
37642
18983
20398
34950
14352
31282
54736
31182
76950
67974
52232
66491
95960
54895
3198
49715
39319
5459
30778
98640
90774
37266
20359
47416
89459
82632
65830
31512
53694
6206
78592
91335
41541
98989
42636
72244
46622
13724
3426
39923
81697
72009
6414
77657
43256
9611
27371
82574
15069
74500
97565
22195
11766
34276
69610
1224
33259
35439
49087
3304
57997
27678
94639
99537
43018
53626
71780
89639
67349
91557
29562
49046
63566
52327
26702
23173
78289
70424
22098
9709
61276
19663
31903
73041
70290
1512
90616
3548
53303
39702
6852
11299
83732
17842
10835
26749
71467
82614
32740
38816
90523
62301
4213
70440
30979
47266
93612
9267
17689
15709
35327
78964
51723
67230
68356
22012
85093
58971
41912
38395
15025
48763
49693
98756
82956
76879
41856
54422
75845
74595
9589
66367
53247
30153
36806
84225
77418
46769
9843
11459
62477
61522
6774
14200
28751
75130
36211
30195
50452
78122
84942
81828
43236
50986
96935
26191
27865
38791
96965
3709
13385
22905
86427
66632
53058
39584
67208
46827
86352
93403
58285
48828
54924
65059
79379
83674
56540
15590
30220
6991
10063
15161
88819
69651
66147
85753
12193
10363
40895
25509
30423
54280
48414
16849
37263
17823
72784
4470
81001
59135
97872
39286
24314
52795
20696
3693
52820
77235
35634
83040
84225
62048
14552
89395
31698
97050
91500
60243
7412
32394
85751
37834
3025
50516
71034
40287
68338
43817
61109
49339
19303
58980
4976
59969
28127
25671
80013
80946
2905
15646
80337
3481
94045
11241
9228
42095
8290
727
2337
15702
49472
88087
69887
68849
38603
57273
9135
23292
17441
70243
88982
36744
45575
93957
13064
73701
35979
93076
70998
38883
25073
51335
58716
19117
78927
67943
61211
87216
85021
79899
19269
50844
84338
5508
19692
39292
62780
45179
78935
80220
15421
67917
33315
77347
78225
46378
51047
14204
39453
22045
69438
64525
89731
28153
99994
68657
12447
77556
72224
13819
57455
91493
64663
58144
97000
706
97435
76131
45884
76369
56350
77657
60637
89665
55003
38862
36042
22402
53065
91847
60798
22502
56371
50528
67007
72716
35536
79453
50272
7759
9624
7726
15603
74286
82221
28954
91343
79655
5084
53579
72375
77786
31235
33012
67450
2589
88225
19843
41342
41289
11689
2139
80142
84412
52666
47148
57127
4553
42953
23750
28664
52576
47827
60618
43213
30047
89572
50907
26053
11007
4485
98428
88792
52071
47791
72593
54660
36015
8788
96001
93655
36828
98140
90148
37591
67157
37296
11070
88062
96600
34819
16725
65527
82646
93694
8739
12692
83265
59645
38745
10624
64130
53524
15767
32552
17666
4712
87211
70032
13499
99564
63686
66678
14055
53833
4269
97563
7480
15338
85624
20431
66508
18700
85957
49153
12394
11047
78197
12010
87044
33293
38985
67525
3168
54752
76
20833
75815
87287
90864
89313
3202
70901
72342
17256
41085
76610
31170
64917
8299
16794
85347
74807
51845
87656
40311
80590
98702
18507
92600
2097
68151
47936
69621
71318
2687
69697
92150
94853
73335
99365
517
76536
70265
72859
10143
11350
65820
57664
92618
74119
74457
94316
65277
42654
81971
5587
23243
97025
40446
32194
99121
8596
96482
68742
79914
15520
54790
72063
10373
28124
71428
10889
21011
58044
83747
47505
85745
49567
5168
78362
40037
95977
72678
5313
54982
71000
27251
94576
68024
67696
43122
83497
92644
39603
52238
88909
55122
23379
60971
65494
67854
48750
76383
5216
23146
60129
52720
8890
26047
74239
3604
66083
86567
76281
87747
41548
47280
14998
36124
31656
99045
79245
15152
91688
35199
83741
96948
90320
7119
57919
55814
91324
23020
48548
96539
62517
8676
49258
71407
51075
39848
91362
17157
26415
67642
4904
84314
31273
36253
20437
62928
35297
16033
94431
43337
51231
78171
40284
57903
1641
14554
30068
92964
53926
78615
89502
16442
3642
55111
4200
54716
94959
11913
88225
37725
79554
93128
22038
27179
29380
58827
6458
81028
74859
889
24364
42442
95411
81000
344
97052
11905
46763
90015
65830
25377
95869
98624
45370
50979
19175
86
62289
31088
88310
13
26993
97789
38403
54171
27168
97229
76981
24547
88439
94221
65263
47232
89631
46262
47575
3034
58166
94337
93049
40348
36065
5269
38971
81435
56247
58145
97872
34888
89232
86181
51252
32577
321
89654
86747
43840
3234
80079
68386
91673
74299
33648
38904
63930
79909
2831
66963
54427
13519
76363
94774
65936
81631
50096
47370
54230
8240
61593
89117
13824
64125
40368
46400
64445
46374
49498
8284
49607
29577
76669
57631
3875
26669
12887
84156
6577
15717
67471
77355
45587
43833
72128
11522
25464
22223
75243
96045
46815
53187
85161
76990
17311
41880
39741
81755
88253
5590
6390
37860
35166
83059
11842
55393
9727
24728
55900
32655
56796
23370
26362
2383
67203
98489
30256
9018
37064
21851
5062
230
75037
6574
77219
92348
48453
33311
90454
36706
38900
96844
90917
90418
96254
2758
62162
22332
27486
18061
71338
84281
41431
97699
3015
24985
12540
33271
34002
65955
71473
55415
66184
46509
61988
59754
55208
10440
93064
62014
63497
31963
75209
54413
38732
71462
73523
893
10145
1008
18954
97834
1640
60384
95533
4655
1720
8072
54277
35721
90378
42101
7487
56561
4961
85826
16314
60169
12617
25729
38534
76114
74043
13742
46878
12775
1555
20400
13667
11699
21407
48972
9532
39399
25707
21416
60405
27426
45839
31033
79498
36216
73133
86984
92776
78093
72809
25441
54613
85426
51169
93146
77891
41564
6887
24768
54338
8441
45168
84356
36491
82926
33328
62375
38676
75386
83790
99080
2812
45981
30112
82309
82196
19596
85645
91324
97689
58453
16764
68653
60230
84285
61799
38120
25848
85037
79240
96537
9830
40759
80892
62672
23684
30571
25046
78712
22309
25188
77791
25120
71168
24255
23780
53363
43850
9424
61038
57890
84229
77802
26543
60810
78438
88341
15282
4285
89729
94521
17173
99558
35279
14416
78582
75314
61339
3627
54025
83647
45166
48168
25118
16333
72422
48897
86048
32623
74673
47085
90513
75253
41238
17055
36062
19675
21747
51343
40311
11475
62215
73835
27385
13845
88251
22318
5511
49589
42296
75887
33235
87462
24054
58352
20146
12827
23600
6193
61802
98272
69630
52314
73524
27219
85720
25938
63246
7466
77280
3556
35292
55847
77391
79028
69691
81993
1345
91553
31581
43641
67440
81167
47454
7845
55870
67599
20672
79469
90144
98825
94093
59773
51138
83968
3343
36857
9905
66588
60674
3537
86496
12317
59383
80238
91345
45425
62230
9041
36978
10162
69033
4417
91328
16486
12261
63549
84085
49284
59369
90580
48108
53461
50352
15597
37429
70046
68805
47333
36634
45830
67221
23129
58147
26603
3366
65843
72028
81947
74883
25357
92108
60268
29773
99787
76753
58385
63335
77189
24021
22703
67768
88480
76164
34471
4077
29944
4517
89233
93628
57502
35063
60849
96982
93209
3803
347
59051
92182
98645
50285
17538
90752
10552
63662
90538
3657
22047
53872
97197
62419
92926
81317
50898
85441
15787
71326
15384
36655
60559
25364
10508
95621
86212
7489
88829
6366
24187
64231
98548
22831
30867
16085
13582
57771
79747
20471
61427
18145
74342
74975
80563
83620
56291
31460
69060
88430
2786
796
41436
79696
26159
51944
75316
28722
59432
80496
35087
83619
61078
33634
6449
91944
66071
36383
49714
45817
56853
27492
63961
47547
2467
60875
31166
75109
8686
16577
63538
11471
17372
21326
7518
59882
73269
82833
88603
49052
79680
40042
49022
40757
90027
71823
49053
56097
8205
98766
1913
81409
42610
82225
45307
45076
43099
76472
36536
51785
9401
16426
79607
26772
37751
87125
86654
11019
86309
91608
76422
65989
48001
25444
23097
38028
97266
72149
94124
21822
87267
12389
19582
29876
94613
64889
91303
54064
57712
27838
5848
67112
44263
1806
93884
82013
5282
96889
9383
91591
4848
85805
73931
52849
27600
97027
7228
41217
85528
1351
63038
72794
13739
82619
2669
24704
63859
93971
78767
21571
21808
966
88682
82423
2771
98917
64435
8053
12157
90170
15995
17005
92326
6277
86205
19925
3303
93432
61141
5182
11134
40530
77975
24873
39500
80643
65928
3359
90965
44694
24929
29125
45659
29962
11547
64781
28879
92333
72833
41035
98854
5179
74391
91179
11455
60595
11103
31110
70378
88595
36291
81512
29124
30618
22736
68624
27612
88663
88334
18577
49708
29614
64053
95366
59575
91951
60146
88453
84283
49331
45840
99489
70861
36582
90667
82316
13529
1770
29777
83906
90364
82419
81769
35840
13036
20856
20815
40648
9518
9148
75576
59225
38761
39628
70942
98335
31578
47440
3140
32212
13122
65331
31700
83982
1912
38719
82649
15440
40488
28777
15698
47203
11196
13818
99394
40583
34674
20208
81230
44191
45707
73157
19768
84467
12784
7061
99154
60713
54500
18645
9277
83973
83975
57328
84307
2238
96046
66955
34030
52885
12084
49727
16440
23279
63544
15833
80213
98217
36041
61443
58760
81747
50951
94879
82566
80087
1939
81719
40799
72791
363
66427
56763
689
23755
41069
2926
19800
24376
36955
72685
52811
3033
89124
76089
82929
21308
56301
97497
73700
34095
56256
71799
85046
67486
54364
81484
69425
52434
22282
58567
69148
5061
15329
69836
28815
72750
89113
64966
13477
42420
54002
66287
61804
59477
58727
44732
80785
15027
42229
70836
65474
14836
42634
66871
82322
96997
48354
68098
49430
86987
26664
18577
92047
41992
4764
37213
31093
10229
18531
44569
52648
88884
10855
14451
48361
69581
75535
45497
960
17763
16332
82785
48950
58966
49655
47623
72314
14360
15720
38096
17698
42383
73024
26097
727
77788
79661
31819
4368
98191
92740
57015
87075
3594
87817
51787
89527
63351
13635
90486
97465
46318
89622
62767
21635
55628
10389
93949
69987
26109
48396
87684
84843
21419
30132
85569
15558
9793
33740
19925
7983
42831
76939
11409
46424
81108
79547
52302
60810
9533
59139
74627
55851
48760
37393
77485
4387
47781
87785
74373
90241
36180
78409
75084
57599
24892
77004
73156
34684
27095
93081
59019
69925
86371
86779
32701
83830
66326
85002
44640
75858
60493
35618
48060
9252
73010
25545
13639
37142
29681
4363
43735
82213
99123
35170
39811
24015
12173
29318
58698
55620
38750
34068
25544
41473
20847
74596
25302
87172
75950
86293
79381
36442
21910
27441
62045
11271
69337
75683
64765
15369
96398
8499
97581
95520
43668
53743
19534
72192
99413
94584
27811
38162
28651
69707
95986
65849
60654
37640
53020
36603
40284
48753
89396
78546
92545
51441
89816
61881
43475
70932
77249
39872
79430
91182
51744
39449
44924
87629
11641
44336
82212
39451
98850
27215
25509
94835
93063
86163
48826
62435
39117
89110
27539
28513
67655
20083
96305
73822
98315
39779
44754
91915
96003
40535
83096
47746
79984
44372
35374
7976
88707
33938
63778
87556
61152
89287
98743
70566
91801
47568
49352
30917
53029
76890
75781
37035
96972
72085
27209
11638
28216
71962
3553
40570
28848
3000
88315
25183
47371
40040
33158
36078
73977
96936
39985
51480
86222
55079
38398
78022
18999
87749
25290
72027
80991
1071
25414
94314
89507
52622
5952
34074
40935
25856
74643
69782
28855
79309
94965
76226
19349
28122
28655
9677
25057
68639
61157
27630
40070
99554
22003
59068
3654
63645
47446
84644
81067
72859
78958
86925
25480
84909
20999
66414
10764
11993
52548
39618
7654
47512
32195
27002
91985
60849
36678
33394
45840
14186
61023
85909
13739
99378
44976
17393
63022
92421
18388
44088
81632
97345
31012
7111
98605
68362
89877
9368
96707
42424
65338
4360
6287
13884
31361
14623
74733
84390
48016
20572
98576
25391
6480
28666
24768
67807
62410
4141
