12
13
22
29
49
73
76
86
91
103
112
122
170
179
204
222
230
266
273
321
342
344
347
361
363
371
371
380
381
386
411
427
436
441
453
465
468
473
474
479
488
491
497
514
517
517
525
536
548
548
550
557
560
563
570
585
590
593
605
614
618
648
657
663
689
690
706
712
718
719
722
727
727
735
745
777
784
789
794
796
798
806
822
859
865
880
887
889
893
896
908
949
956
959
960
965
966
975
987
992
1004
1005
1008
1019
1053
1062
1071
1080
1084
1091
1098
1100
1105
1121
1147
1154
1191
1194
1194
1199
1203
1203
1224
1237
1250
1254
1261
1284
1311
1326
1330
1336
1339
1345
1351
1359
1360
1372
1387
1420
1440
1456
1459
1486
1489
1490
1512
1524
1531
1532
1534
1542
1544
1555
1568
1610
1626
1626
1640
1641
1700
1720
1766
1770
1786
1806
1810
1810
1826
1853
1858
1870
1874
1878
1879
1883
1886
1889
1909
1912
1913
1919
1919
1920
1936
1939
1941
1946
1950
1980
2001
2030
2033
2037
2046
2063
2065
2070
2082
2084
2097
2103
2122
2130
2139
2141
2165
2176
2183
2193
2206
2225
2232
2238
2239
2246
2249
2259
2262
2268
2299
2300
2307
2314
2321
2326
2337
2341
2347
2348
2355
2361
2383
2393
2399
2403
2420
2423
2436
2463
2467
2500
2538
2546
2562
2566
2570
2589
2609
2616
2616
2626
2638
2658
2661
2663
2664
2669
2687
2691
2696
2705
2718
2733
2738
2755
2758
2771
2786
2806
2811
2812
2816
2831
2844
2896
2901
2905
2926
2945
2949
2961
2970
3000
3006
3013
3015
3025
3031
3033
3034
3038
3041
3043
3045
3079
3093
3096
3096
3123
3132
3140
3143
3154
3168
3172
3187
3190
3198
3202
3214
3232
3234
3236
3237
3251
3258
3294
3303
3303
3304
3337
3338
3343
3359
3365
3366
3392
3418
3426
3435
3463
3475
3481
3537
3548
3553
3556
3561
3590
3594
3604
3615
3626
3627
3627
3642
3647
3654
3655
3657
3657
3675
3680
3682
3687
3693
3709
3712
3714
3722
3724
3724
3730
3731
3735
3740
3749
3752
3760
3796
3803
3818
3820
3853
3854
3875
3898
3899
3905
3927
3937
3942
3956
3958
3958
3963
3970
3989
3998
4020
4028
4049
4060
4077
4090
4104
4125
4126
4131
4141
4162
4200
4200
4205
4207
4209
4213
4221
4228
4241
4243
4254
4257
4269
4275
4285
4301
4321
4327
4335
4354
4360
4363
4367
4368
4368
4377
4387
4417
4423
4427
4437
4459
4466
4469
4470
4474
4478
4485
4517
4520
4528
4550
4553
4582
4592
4613
4624
4634
4642
4644
4655
4658
4659
4670
4671
4673
4683
4688
4691
4709
4712
4730
4732
4732
4735
4737
4754
4762
4764
4772
4774
4792
4801
4808
4811
4848
4853
4856
4858
4859
4872
4875
4879
4890
4897
4904
4908
4909
4936
4946
4958
4961
4974
4976
4978
4981
4999
5000
5011
5032
5036
5039
5044
5054
5061
5062
5067
5068
5084
5110
5168
5179
5182
5182
5185
5188
5198
5213
5214
5216
5257
5264
5268
5268
5269
5275
5282
5294
5303
5306
5309
5313
5334
5335
5336
5341
5341
5351
5357
5359
5368
5396
5399
5418
5426
5435
5458
5459
5475
5485
5506
5508
5508
5511
5511
5514
5535
5556
5580
5587
5590
5600
5604
5633
5649
5651
5659
5669
5682
5688
5708
5717
5778
5785
5805
5833
5840
5848
5851
5866
5874
5886
5901
5908
5913
5921
5939
5944
5947
5949
5952
5957
5964
5969
5975
5984
5990
5991
5994
6001
6026
6037
6046
6055
6091
6099
6128
6136
6193
6196
6206
6208
6221
6224
6237
6257
6259
6267
6277
6284
6285
6287
6310
6317
6320
6361
6366
6390
6392
6404
6409
6412
6414
6422
6442
6449
6458
6466
6468
6469
6473
6475
6480
6497
6512
6537
6540
6552
6574
6574
6577
6587
6612
6616
6642
6656
6664
6665
6665
6670
6675
6715
6725
6759
6762
6763
6763
6774
6786
6806
6849
6852
6852
6858
6868
6887
6895
6912
6916
6919
6927
6930
6932
6952
6952
6953
6964
6988
6991
6992
6997
7000
7000
7001
7005
7014
7021
7061
7066
7102
7111
7112
7119
7138
7140
7158
7175
7184
7191
7228
7237
7244
7259
7265
7266
7270
7276
7276
7294
7301
7309
7313
7314
7314
7321
7324
7333
7374
7375
7393
7397
7410
7412
7415
7417
7453
7464
7466
7473
7478
7480
7483
7487
7489
7512
7518
7522
7525
7536
7538
7538
7549
7551
7555
7566
7568
7598
7611
7623
7628
7654
7686
7725
7725
7725
7726
7738
7739
7743
7757
7759
7778
7794
7805
7821
7829
7845
7847
7851
7925
7928
7934
7936
7937
7953
7959
7976
7983
7983
8001
8011
8015
8031
8048
8050
8053
8066
8072
8084
8084
8117
8151
8161
8176
8177
8183
8200
8200
8201
8205
8205
8210
8240
8244
8246
8247
8248
8255
8262
8270
8274
8276
8277
8280
8284
8289
8290
8299
8304
8311
8320
8321
8323
8325
8341
8378
8381
8393
8441
8451
8456
8463
8468
8485
8499
8528
8538
8557
8576
8587
8596
8597
8599
8604
8622
8623
8639
8647
8654
8676
8686
8686
8701
8718
8722
8739
8757
8788
8789
8814
8828
8863
8871
8879
8888
8889
8890
8896
8901
8907
8911
8920
8924
8932
8934
8936
8956
8962
8972
9003
9004
9018
9019
9028
9032
9041
9077
9083
9089
9092
9103
9109
9118
9120
9129
9135
9145
9148
9150
9151
9156
9193
9197
9223
9228
9237
9247
9252
9256
9262
9267
9277
9278
9278
9292
9340
9348
9353
9354
9368
9383
9383
9386
9394
9401
9418
9420
9424
9436
9468
9488
9495
9499
9505
9515
9518
9532
9533
9547
9575
9580
9580
9583
9589
9608
9611
9614
9620
9624
9645
9647
9677
9684
9685
9692
9693
9708
9709
9727
9731
9751
9785
9793
9830
9843
9860
9867
9888
9894
9899
9905
9905
9952
9953
9958
9959
9963
9996
10040
10043
10060
10063
10066
10068
10069
10073
10076
10099
10099
10114
10117
10120
10128
10142
10143
10145
10145
10162
10164
10169
10202
10205
10214
10229
10230
10241
10245
10255
10259
10274
10285
10291
10307
10309
10327
10340
10363
10364
10373
10389
10402
10406
10408
10414
10424
10426
10440
10448
10449
10459
10463
10472
10475
10479
10481
10486
10494
10508
10552
10556
10561
10562
10564
10574
10588
10598
10604
10613
10624
10629
10634
10636
10660
10661
10669
10678
10697
10764
10767
10771
10773
10777
10777
10780
10784
10797
10798
10807
10833
10834
10835
10848
10855
10862
10863
10885
10889
10898
10902
10906
10908
10910
10911
10911
10956
10958
10966
11007
11019
11020
11047
11047
11060
11070
11103
11115
11121
11134
11141
11160
11162
11175
11191
11196
11204
11216
11241
11270
11271
11285
11299
11302
11321
11350
11364
11375
11380
11388
11400
11409
11414
11430
11443
11446
11451
11454
11455
11459
11459
11471
11471
11472
11475
11491
11497
11503
11515
11522
11534
11541
11547
11561
11567
11577
11638
11641
11644
11664
11676
11689
11692
11693
11699
11700
11715
11717
11729
11745
11766
11779
11785
11799
11842
11846
11848
11871
11886
11890
11891
11898
11905
11913
11915
11918
11921
11929
11956
11963
11971
11982
11993
12009
12010
12012
12033
12047
12053
12079
12082
12084
12084
12090
12101
12123
12129
12157
12173
12193
12205
12261
12261
12265
12275
12276
12288
12309
12317
12326
12341
12341
12370
12378
12381
12389
12394
12418
12439
12439
12447
12477
12481
12485
12487
12504
12515
12516
12519
12538
12540
12540
12542
12552
12577
12617
12622
12625
12688
12692
12694
12700
12714
12717
12724
12737
12741
12763
12764
12770
12775
12784
12820
12823
12823
12827
12868
12875
12887
12889
12894
12897
12904
12909
12938
12941
12958
13010
13023
13035
13036
13036
13036
13059
13063
13064
13068
13072
13079
13080
13082
13084
13098
13111
13117
13122
13123
13130
13131
13136
13143
13150
13158
13166
13190
13196
13206
13207
13218
13235
13257
13259
13273
13282
13302
13307
13316
13332
13344
13346
13366
13370
13373
13375
13383
13385
13428
13430
13443
13472
13477
13499
13515
13519
13529
13530
13533
13540
13543
13547
13571
13574
13582
13588
13614
13624
13634
13635
13639
13649
13661
13665
13667
13724
13739
13739
13742
13753
13769
13771
13806
13810
13818
13819
13821
13823
13824
13842
13843
13845
13850
13870
13881
13884
13886
13890
13904
13911
13912
13929
13937
13978
13996
14011
14021
14033
14055
14063
14074
14076
14102
14119
14124
14148
14151
14153
14155
14164
14166
14177
14177
14186
14195
14200
14202
14204
14209
14210
14229
14241
14245
14252
14275
14278
14291
14310
14332
14336
14349
14352
14355
14358
14360
14379
14401
14416
14426
14432
14449
14451
14458
14467
14471
14479
14491
14515
14534
14535
14552
14554
14568
14576
14623
14625
14665
14707
14714
14745
14749
14760
14760
14801
14807
14819
14836
14842
14845
14852
14863
14878
14890
14920
14921
14947
14956
14962
14972
14998
15000
15013
15016
15022
15025
15027
15046
15054
15063
15063
15068
15069
15088
15093
15097
15110
15117
15132
15137
15138
15152
15160
15160
15160
15161
15163
15166
15170
15171
15195
15199
15204
15220
15226
15238
15247
15250
15255
15256
15278
15282
15294
15295
15297
15303
15305
15316
15322
15327
15329
15334
15338
15369
15384
15421
15428
15439
15440
15450
15479
15482
15490
15496
15510
15520
15521
15554
15558
15558
15559
15578
15580
15586
15590
15591
15596
15597
15598
15600
15603
15625
15628
15643
15646
15663
15678
15698
15702
15709
15710
15717
15720
15740
15767
15767
15773
15781
15787
15792
15803
15825
15833
15833
15864
15864
15879
15885
15892
15899
15923
15929
15933
15952
15957
15960
15962
15985
15995
16003
16011
16016
16033
16039
16040
16051
16060
16062
16064
16065
16085
16102
16113
16142
16152
16182
16198
16201
16207
16244
16271
16276
16277
16314
16325
16328
16332
16333
16363
16382
16393
16396
16400
16401
16416
16418
16426
16429
16438
16440
16442
16466
16469
16470
16486
16493
16498
16501
16524
16543
16544
16554
16572
16577
16580
16614
16622
16629
16630
16630
16634
16637
16648
16682
16725
16727
16733
16757
16764
16794
16806
16811
16827
16833
16840
16840
16846
16849
16849
16873
16927
16940
16941
16943
16948
16949
16970
17005
17018
17034
17044
17055
17056
17095
17097
17129
17130
17148
17149
17151
17157
17157
17160
17162
17173
17203
17224
17233
17250
17256
17264
17283
17286
17289
17300
17306
17311
17316
17317
17328
17332
17361
17369
17372
17384
17393
17412
17421
17427
17431
17437
17441
17444
17452
17452
17452
17459
17489
17503
17507
17518
17538
17541
17557
17586
17631
17635
17648
17655
17661
17666
17687
17689
17691
17698
17710
17711
17726
17731
17734
17740
17763
17778
17787
17795
17818
17823
17831
17834
17842
17858
17895
17907
17910
17918
17955
17968
17987
18021
18024
18033
18037
18040
18042
18060
18061
18076
18095
18105
18108
18145
18167
18185
18188
18191
18214
18225
18245
18249
18249
18253
18263
18280
18282
18294
18320
18346
18348
18360
18372
18387
18388
18390
18393
18396
18413
18433
18446
18449
18474
18499
18504
18507
18507
18509
18509
18514
18517
18531
18535
18575
18577
18577
18589
18590
18594
18645
18676
18694
18700
18702
18717
18725
18730
18737
18744
18753
18765
18796
18800
18811
18822
18827
18829
18858
18872
18890
18891
18896
18898
18927
18945
18954
18960
18977
18983
18992
18999
18999
18999
19001
19003
19013
19018
19047
19067
19074
19077
19095
19106
19116
19117
19136
19167
19175
19185
19195
19202
19203
19216
19230
19230
19232
19240
19240
19269
19276
19279
19280
19289
19295
19297
19298
19302
19303
19304
19307
19323
19345
19349
19373
19376
19385
19387
19390
19409
19413
19421
19422
19424
19426
19433
19487
19492
19534
19537
19539
19558
19561
19573
19580
19581
19582
19592
19596
19604
19632
19634
19651
19651
19656
19658
19663
19675
19678
19692
19720
19725
19725
19732
19768
19769
19773
19774
19782
19787
19800
19829
19830
19843
19869
19874
19885
19887
19892
19901
19906
19924
19925
19925
19937
19957
19976
19985
20004
20006
20009
20026
20026
20037
20038
20050
20078
20083
20105
20116
20130
20137
20145
20146
20147
20155
20176
20208
20220
20225
20248
20248
20253
20261
20268
20280
20281
20284
20285
20321
20335
20355
20358
20359
20361
20364
20370
20374
20376
20383
20384
20398
20400
20422
20431
20437
20468
20471
20477
20511
20528
20534
20572
20580
20603
20636
20637
20646
20672
20674
20675
20680
20690
20696
20712
20713
20713
20774
20792
20801
20815
20816
20817
20821
20833
20841
20847
20856
20860
20889
20892
20916
20923
20948
20956
20979
20990
20999
21002
21005
21010
21011
21012
21013
21018
21020
21041
21051
21070
21086
21089
21092
21096
21119
21128
21133
21149
21151
21153
21162
21175
21181
21194
21194
21195
21206
21215
21218
21232
21248
21252
21259
21263
21273
21305
21308
21326
21333
21335
21343
21346
21348
21349
21353
21370
21378
21383
21393
21396
21406
21407
21416
21419
21422
21429
21442
21446
21458
21459
21465
21482
21485
21502
21506
21521
21522
21524
21535
21547
21571
21606
21609
21612
21635
21665
21669
21669
21679
21687
21696
21708
21708
21710
21716
21716
21718
21747
21760
21763
21776
21779
21791
21799
21808
21812
21822
21824
21832
21848
21851
21864
21880
21902
21910
21939
21953
21958
21962
21969
21975
21975
21983
21993
21993
22003
22012
22019
22022
22036
22038
22042
22045
22047
22061
22080
22097
22098
22101
22102
22110
22113
22136
22166
22168
22188
22195
22202
22223
22224
22235
22244
22250
22261
22266
22282
22297
22307
22307
22309
22316
22318
22323
22325
22330
22332
22345
22345
22353
22353
22368
22384
22402
22405
22409
22409
22428
22445
22446
22453
22455
22502
22510
22521
22527
22537
22544
22548
22555
22571
22572
22594
22599
22617
22634
22678
22688
22701
22703
22725
22727
22736
22741
22742
22743
22785
22800
22811
22812
22813
22831
22833
22844
22850
22860
22871
22874
22902
22905
22916
22934
22941
22944
22947
22951
22976
23009
23009
23020
23033
23041
23066
23088
23097
23108
23112
23118
23123
23129
23141
23141
23146
23156
23157
23168
23173
23173
23175
23189
23196
23214
23224
23232
23232
23243
23261
23272
23279
23292
23310
23326
23327
23331
23354
23356
23360
23370
23372
23379
23386
23408
23408
23410
23418
23425
23426
23449
23457
23457
23473
23487
23498
23499
23507
23516
23521
23523
23536
23549
23561
23566
23581
23600
23603
23609
23610
23629
23660
23684
23695
23704
23707
23738
23750
23750
23752
23755
23759
23765
23773
23780
23786
23795
23797
23800
23813
23818
23822
23838
23850
23856
23865
23878
23878
23880
23887
23894
23895
23897
23900
23912
23928
23937
23941
23988
24004
24012
24015
24021
24047
24054
24064
24071
24076
24143
24181
24187
24211
24214
24222
24230
24236
24248
24251
24255
24258
24261
24267
24271
24284
24314
24317
24327
24335
24337
24337
24343
24347
24354
24364
24367
24368
24374
24376
24380
24391
24402
24402
24467
24468
24483
24519
24541
24547
24558
24607
24609
24614
24619
24622
24625
24644
24663
24671
24680
24695
24704
24709
24721
24723
24728
24734
24746
24768
24768
24771
24778
24780
24802
24803
24809
24819
24848
24866
24873
24876
24887
24890
24892
24902
24906
24907
24914
24917
24929
24931
24936
24941
24944
24958
24965
24969
24985
25016
25032
25046
25046
25047
25057
25073
25078
25080
25081
25117
25118
25120
25123
25137
25139
25139
25145
25157
25165
25176
25183
25188
25210
25218
25226
25229
25233
25267
25290
25299
25302
25335
25357
25364
25374
25377
25384
25389
25390
25391
25400
25411
25414
25427
25441
25444
25464
25468
25473
25480
25509
25509
25518
25523
25544
25545
25578
25607
25609
25642
25644
25647
25656
25663
25666
25670
25670
25671
25700
25707
25716
25720
25722
25729
25750
25762
25763
25770
25787
25787
25798
25813
25843
25848
25856
25883
25908
25930
25935
25938
25938
25948
25958
25960
25963
25967
25970
25986
26005
26047
26048
26051
26053
26063
26073
26092
26097
26109
26135
26159
26174
26176
26178
26191
26201
26211
26241
26251
26259
26263
26281
26295
26299
26308
26321
26325
26329
26332
26335
26341
26349
26355
26362
26362
26415
26435
26451
26475
26491
26543
26543
26550
26560
26565
26574
26574
26576
26580
26587
26596
26603
26609
26613
26621
26650
26655
26662
26664
26667
26669
26689
26701
26702
26712
26749
26762
26764
26772
26779
26807
26826
26844
26844
26873
26896
26902
26926
26946
26951
26969
26988
26993
26997
26997
27002
27033
27038
27054
27055
27082
27091
27092
27095
27095
27103
27115
27123
27148
27159
27168
27179
27202
27209
27210
27212
27215
27219
27223
27235
27251
27279
27289
27299
27302
27314
27320
27327
27335
27348
27360
27367
27371
27375
27385
27389
27397
27412
27426
27430
27441
27455
27467
27470
27483
27486
27492
27493
27511
27511
27521
27523
27527
27539
27560
27566
27579
27588
27588
27600
27612
27630
27635
27669
27678
27679
27681
27696
27703
27724
27728
27737
27741
27749
27764
27771
27773
27784
27793
27811
27814
27838
27848
27865
27880
27947
27956
27969
27969
27978
27984
27987
27997
28003
28014
28017
28022
28030
28032
28036
28037
28044
28072
28081
28082
28111
28113
28113
28121
28122
28122
28124
28124
28125
28127
28133
28135
28148
28153
28156
28161
28167
28196
28200
28209
28213
28216
28217
28226
28230
28230
28255
28266
28286
28287
28313
28324
28325
28350
28352
28357
28359
28359
28381
28389
28392
28394
28443
28485
28487
28504
28513
28523
28539
28562
28564
28594
28625
28629
28651
28655
28661
28664
28666
28698
28715
28719
28722
28736
28751
28757
28760
28761
28776
28777
28781
28784
28800
28812
28815
28816
28825
28827
28841
28848
28851
28855
28862
28866
28879
28880
28893
28915
28923
28951
28952
28954
28962
28983
28991
29003
29005
29015
29016
29038
29043
29058
29062
29081
29081
29088
29095
29095
29111
29118
29120
29124
29125
29126
29135
29148
29162
29176
29191
29202
29204
29206
29236
29244
29245
29285
29304
29307
29317
29318
29323
29329
29351
29353
29358
29358
29359
29380
29389
29394
29402
29405
29410
29410
29419
29446
29448
29466
29470
29481
29494
29497
29525
29537
29561
29561
29562
29575
29577
29588
29597
29603
29614
29617
29651
29652
29652
29656
29666
29672
29676
29681
29687
29689
29699
29718
29722
29724
29727
29730
29736
29738
29751
29773
29774
29777
29777
29813
29816
29821
29823
29825
29832
29832
29838
29839
29855
29871
29876
29881
29889
29896
29900
29910
29927
29928
29944
29959
29962
29972
29973
29987
30025
30030
30033
30037
30038
30046
30046
30047
30068
30068
30074
30098
30112
30125
30129
30132
30153
30165
30165
30188
30195
30196
30199
30201
30202
30220
30220
30247
30253
30256
30260
30264
30284
30304
30304
30316
30335
30343
30347
30368
30371
30409
30418
30421
30422
30423
30439
30473
30518
30538
30544
30545
30563
30571
30599
30618
30627
30628
30632
30633
30636
30645
30662
30663
30692
30728
30728
30739
30753
30774
30778
30784
30791
30815
30822
30845
30853
30867
30868
30877
30882
30903
30917
30926
30931
30935
30940
30947
30976
30979
30988
31012
31017
31033
31039
31070
31088
31088
31093
31101
31108
31110
31110
31122
31142
31166
31167
31168
31169
31170
31182
31186
31203
31211
31228
31231
31235
31242
31252
31254
31261
31273
31281
31282
31283
31283
31289
31303
31332
31357
31361
31372
31403
31404
31405
31405
31422
31447
31450
31453
31454
31457
31459
31460
31463
31499
31510
31512
31529
31530
31538
31548
31574
31578
31581
31624
31628
31650
31656
31674
31697
31698
31700
31710
31715
31724
31725
31742
31742
31752
31795
31802
31819
31825
31842
31865
31872
31876
31883
31885
31889
31890
31903
31906
31912
31922
31922
31938
31940
31947
31950
31961
31963
31974
31977
31979
31987
32006
32018
32019
32020
32032
32059
32064
32072
32076
32087
32108
32119
32119
32120
32125
32125
32151
32153
32157
32181
32193
32194
32195
32200
32212
32226
32240
32258
32264
32271
32274
32276
32280
32301
32312
32314
32316
32341
32364
32376
32393
32394
32406
32410
32412
32414
32442
32444
32461
32468
32478
32494
32503
32508
32514
32546
32549
32552
32562
32565
32577
32577
32588
32589
32604
32623
32631
32635
32651
32652
32655
32684
32701
32703
32705
32706
32713
32730
32730
32740
32760
32761
32765
32775
32782
32784
32785
32793
32794
32817
32821
32832
32834
32834
32837
32839
32840
32878
32887
32891
32899
32902
32922
32969
32979
32979
32987
32988
33012
33018
33018
33029
33041
33062
33073
33092
33098
33112
33118
33135
33145
33149
33156
33158
33158
33162
33172
33176
33192
33207
33222
33226
33230
33235
33242
33246
33259
33265
33271
33271
33274
33293
33311
33314
33315
33323
33328
33347
33349
33349
33358
33362
33371
33372
33394
33401
33403
33412
33417
33427
33427
33445
33450
33464
33473
33478
33480
33502
33531
33535
33540
33545
33552
33561
33587
33624
33634
33638
33644
33648
33661
33676
33695
33696
33698
33718
33740
33747
33749
33752
33756
33760
33783
33786
33789
33812
33812
33813
33816
33818
33822
33824
33828
33857
33862
33864
33880
33901
33919
33923
33925
33937
33938
33975
34002
34011
34030
34042
34060
34066
34068
34069
34074
34076
34095
34099
34102
34116
34118
34157
34197
34211
34226
34240
34250
34276
34280
34284
34324
34338
34339
34370
34370
34404
34418
34424
34426
34450
34453
34453
34462
34466
34470
34471
34477
34478
34481
34527
34535
34559
34569
34577
34604
34621
34622
34651
34657
34658
34659
34665
34673
34674
34677
34680
34684
34685
34733
34765
34792
34805
34811
34811
34816
34819
34822
34823
34823
34826
34833
34834
34839
34839
34876
34880
34888
34915
34919
34935
34945
34950
34954
34955
34957
34958
34960
34961
35006
35007
35008
35018
35060
35063
35082
35087
35104
35111
35112
35166
35166
35170
35181
35188
35189
35193
35199
35199
35211
35215
35226
35232
35241
35269
35279
35292
35294
35297
35306
35316
35322
35327
35342
35343
35347
35350
35374
35394
35413
35439
35441
35444
35455
35455
35460
35466
35470
35501
35516
35517
35522
35534
35534
35536
35545
35552
35554
35565
35579
35581
35618
35634
35641
35646
35658
35673
35681
35682
35688
35707
35721
35726
35739
35743
35751
35762
35771
35800
35816
35833
35833
35837
35840
35841
35841
35849
35861
35866
35908
35918
35919
35930
35937
35958
35964
35967
35979
35992
36004
36014
36015
36029
36041
36042
36049
36052
36062
36065
36077
36078
36101
36112
36124
36127
36128
36133
36143
36146
36154
36157
36167
36171
36180
36211
36216
36218
36220
36224
36253
36253
36260
36264
36291
36293
36296
36305
36320
36323
36323
36329
36339
36340
36354
36383
36387
36405
36415
36425
36431
36442
36456
36464
36478
36482
36487
36491
36499
36499
36504
36508
36513
36536
36580
36582
36590
36591
36597
36603
36626
36634
36655
36678
36704
36706
36718
36726
36744
36745
36746
36771
36789
36792
36802
36806
36809
36811
36812
36815
36816
36819
36827
36828
36851
36857
36881
36885
36892
36894
36903
36909
36910
36925
36925
36930
36948
36950
36955
36969
36970
36978
37001
37035
37064
37133
37138
37142
37162
37163
37180
37187
37194
37213
37222
37227
37235
37258
37259
37262
37263
37266
37296
37298
37347
37348
37354
37391
37393
37395
37399
37412
37421
37422
37429
37454
37502
37513
37519
37532
37534
37536
37550
37589
37591
37596
37606
37635
37640
37642
37649
37654
37670
37681
37689
37694
37711
37715
37722
37725
37740
37741
37751
37769
37771
37797
37799
37800
37817
37829
37834
37841
37847
37860
37876
37891
37899
37904
37918
37926
37955
37961
37981
37990
38023
38025
38028
38031
38046
38049
38055
38059
38096
38103
38103
38120
38162
38181
38196
38198
38258
38271
38293
38303
38305
38308
38333
38335
38359
38360
38370
38380
38395
38398
38403
38403
38407
38413
38415
38417
38421
38427
38431
38438
38454
38457
38466
38496
38502
38534
38536
38536
38542
38548
38557
38585
38592
38603
38614
38617
38676
38680
38697
38699
38714
38719
38729
38732
38742
38745
38750
38751
38756
38761
38763
38779
38788
38791
38791
38808
38816
38835
38837
38846
38861
38862
38871
38883
38891
38900
38901
38904
38904
38915
38951
38954
38971
38973
38975
38982
38985
38986
38996
39003
39029
39048
39049
39084
39115
39117
39118
39141
39159
39162
39168
39168
39169
39190
39240
39240
39247
39250
39253
39270
39274
39283
39286
39292
39312
39319
39366
39379
39394
39394
39395
39399
39403
39407
39418
39430
39445
39449
39451
39453
39460
39462
39470
39480
39484
39500
39508
39510
39519
39529
39549
39556
39563
39584
39594
39603
39618
39620
39627
39628
39636
39637
39639
39645
39647
39651
39651
39690
39702
39704
39719
39725
39729
39731
39731
39732
39741
39749
39754
39779
39806
39811
39830
39839
39848
39872
39873
39877
39883
39894
39910
39913
39923
39936
39959
39966
39985
39999
40037
40039
40040
40042
40052
40070
40074
40094
40099
40100
40118
40134
40141
40168
40183
40200
40214
40220
40254
40276
40284
40284
40287
40294
40295
40295
40310
40311
40311
40313
40317
40330
40343
40347
40348
40355
40361
40364
40368
40375
40377
40377
40385
40394
40422
40442
40446
40488
40499
40520
40526
40530
40535
40537
40550
40554
40570
40571
40583
40608
40631
40648
40652
40672
40686
40702
40707
40715
40726
40733
40756
40757
40759
40764
40774
40783
40799
40814
40820
40827
40836
40839
40855
40860
40880
40895
40896
40903
40914
40915
40935
40960
40999
41000
41017
41024
41035
41068
41069
41077
41078
41085
41087
41094
41096
41102
41116
41154
41166
41195
41203
41217
41219
41235
41238
41238
41248
41250
41256
41260
41277
41278
41278
41286
41289
41311
41342
41345
41367
41390
41393
41397
41413
41417
41431
41431
41436
41452
41454
41472
41473
41498
41512
41520
41530
41541
41548
41551
41554
41563
41564
41567
41569
41573
41596
41599
41616
41617
41647
41650
41656
41667
41693
41694
41722
41728
41735
41742
41758
41760
41765
41785
41802
41804
41823
41836
41849
41856
41880
41886
41898
41905
41912
41921
41940
41955
41960
41975
41992
42005
42014
42025
42033
42054
42056
42061
42077
42088
42095
42101
42112
42129
42131
42134
42154
42203
42203
42229
42231
42245
42263
42273
42277
42296
42307
42316
42324
42341
42356
42370
42370
42383
42387
42388
42397
42418
42420
42424
42440
42442
42454
42455
42455
42463
42474
42490
42493
42498
42510
42519
42531
42534
42547
42585
42597
42602
42606
42607
42610
42622
42624
42634
42636
42641
42652
42654
42655
42677
42684
42690
42691
42702
42725
42734
42735
42750
42754
42766
42767
42771
42772
42773
42782
42816
42829
42830
42831
42833
42875
42877
42878
42900
42906
42907
42918
42924
42930
42934
42945
42953
43013
43018
43042
43045
43050
43055
43061
43099
43107
43122
43122
43131
43165
43166
43167
43185
43193
43210
43213
43235
43236
43248
43256
43271
43272
43279
43312
43337
43340
43342
43366
43368
43381
43391
43414
43445
43448
43468
43475
43491
43511
43512
43515
43525
43529
43559
43561
43561
43585
43589
43595
43597
43620
43623
43632
43641
43641
43650
43668
43698
43735
43747
43751
43809
43810
43810
43817
43819
43825
43827
43833
43834
43840
43843
43849
43850
43850
43853
43860
43870
43871
43878
43879
43885
43900
43902
43912
43929
43934
43946
43953
43955
43973
43975
43976
43991
43998
44007
44017
44025
44063
44073
44079
44080
44088
44090
44116
44121
44127
44134
44156
44158
44161
44172
44184
44185
44189
44191
44191
44205
44211
44213
44218
44222
44233
44252
44256
44263
44278
44279
44283
44290
44294
44296
44297
44308
44310
44319
44325
44327
44336
44364
44366
44372
44373
44375
44407
44411
44411
44415
44416
44428
44433
44440
44464
44467
44468
44470
44471
44479
44486
44495
44497
44503
44508
44510
44512
44518
44518
44525
44532
44543
44549
44569
44573
44586
44588
44598
44640
44652
44654
44675
44694
44695
44724
44726
44732
44743
44754
44754
44762
44788
44789
44791
44809
44813
44814
44820
44834
44836
44857
44857
44863
44867
44877
44879
44879
44880
44881
44881
44910
44919
44924
44950
44961
44966
44967
44969
44974
44976
44976
44987
45011
45013
45020
45039
45040
45044
45045
45055
45059
45060
45061
45076
45084
45090
45094
45111
45122
45159
45163
45166
45167
45168
45179
45206
45247
45250
45260
45260
45266
45286
45303
45307
45342
45360
45370
45383
45392
45418
45422
45425
45430
45452
45457
45463
45482
45484
45484
45496
45497
45504
45512
45514
45518
45575
45576
45576
45579
45581
45586
45587
45602
45607
45608
45632
45634
45636
45639
45653
45659
45662
45671
45672
45673
45703
45707
45708
45710
45733
45751
45756
45767
45796
45804
45812
45817
45830
45839
45840
45840
45865
45883
45884
45886
45887
45906
45922
45926
45934
45941
45949
45954
45981
46009
46025
46048
46056
46087
46117
46131
46136
46145
46174
46174
46205
46210
46218
46225
46239
46242
46262
46271
46289
46292
46294
46295
46305
46312
46318
46318
46330
46334
46346
46349
46352
46354
46365
46374
46378
46400
46424
46426
46432
46432
46437
46438
46448
46463
46481
46494
46503
46509
46509
46515
46540
46575
46622
46647
46659
46688
46723
46742
46758
46758
46763
46769
46770
46777
46782
46805
46815
46827
46831
46854
46860
46878
46903
46906
46906
46923
46927
46928
46932
46944
46986
46988
46994
46996
47014
47044
47052
47056
47063
47070
47077
47085
47091
47104
47116
47119
47124
47128
47135
47145
47148
47166
47178
47182
47186
47194
47203
47218
47232
47236
47240
47253
47265
47266
47277
47280
47289
47298
47302
47323
47323
47329
47333
47346
47364
47370
47371
47371
47392
47397
47416
47426
47431
47431
47435
47440
47441
47444
47444
47446
47454
47475
47484
47493
47498
47503
47505
47505
47512
47537
47539
47547
47547
47555
47566
47568
47569
47575
47588
47601
47614
47616
47623
47648
47720
47745
47746
47760
47776
47781
47784
47789
47791
47803
47804
47816
47825
47827
47856
47868
47898
47936
47945
47950
47968
48001
48016
48040
48060
48060
48072
48092
48096
48108
48111
48115
48145
48168
48174
48194
48208
48210
48228
48242
48257
48274
48320
48334
48342
48348
48351
48354
48361
48366
48368
48370
48370
48381
48396
48414
48427
48427
48447
48453
48463
48478
48478
48522
48528
48537
48548
48566
48624
48625
48640
48660
48691
48695
48708
48714
48735
48745
48750
48753
48755
48760
48760
48763
48775
48789
48798
48812
48826
48826
48828
48833
48847
48848
48851
48853
48861
48861
48871
48886
48897
48919
48926
48941
48944
48950
48961
48966
48972
48977
48986
48991
49006
49007
49013
49022
49038
49040
49042
49046
49052
49053
49059
49060
49066
49072
49079
49087
49088
49100
49104
49112
49125
49129
49153
49161
49190
49222
49229
49233
49233
49250
49255
49256
49258
49259
49267
49269
49284
49291
49302
49307
49328
49331
49337
49339
49350
49352
49353
49356
49359
49370
49388
49406
49413
49417
49420
49429
49430
49446
49448
49460
49472
49474
49489
49493
49498
49510
49522
49524
49530
49532
49539
49542
49543
49565
49567
49573
49584
49589
49607
49642
49645
49655
49665
49667
49680
49693
49697
49705
49708
49714
49715
49720
49727
49729
49751
49756
49766
49774
49775
49792
49795
49813
49821
49822
49823
49824
49827
49832
49832
49854
49865
49903
49903
49912
49918
49936
49939
49980
49983
49994
49999
50006
50012
50021
50025
50085
50096
50109
50136
50139
50201
50217
50222
50245
50252
50272
50273
50277
50285
50292
50329
50333
50344
50349
50352
50354
50373
50381
50388
50393
50405
50416
50430
50430
50435
50443
50449
50452
50464
50464
50482
50492
50504
50516
50528
50537
50544
50553
50563
50565
50574
50579
50606
50616
50617
50684
50723
50723
50726
50728
50745
50748
50758
50765
50767
50780
50798
50798
50801
50809
50826
50828
50829
50836
50838
50844
50845
50845
50848
50852
50884
50886
50898
50905
50907
50941
50947
50948
50951
50968
50969
50972
50975
50979
50986
51002
51003
51012
51012
51020
51032
51032
51047
51047
51053
51054
51075
51078
51084
51093
51114
51127
51128
51133
51135
51138
51144
51144
51151
51169
51176
51195
51216
51224
51230
51231
51237
51252
51275
51283
51317
51321
51322
51335
51337
51340
51343
51373
51382
51389
51393
51415
51418
51428
51441
51474
51480
51480
51505
51505
51514
51525
51565
51570
51580
51591
51614
51619
51631
51646
51648
51649
51657
51672
51672
51713
51719
51721
51723
51744
51747
51750
51760
51765
51782
51785
51786
51787
51810
51816
51830
51836
51843
51845
51855
51861
51870
51884
51889
51892
51896
51910
51924
51942
51944
51957
51959
51963
51975
51986
51992
52003
52012
52018
52027
52052
52052
52055
52057
52057
52061
52061
52071
52082
52091
52100
52110
52117
52140
52155
52176
52187
52192
52218
52219
52221
52222
52232
52237
52238
52245
52247
52255
52265
52269
52274
52302
52310
52314
52324
52327
52345
52368
52423
52434
52445
52453
52472
52482
52499
52501
52509
52519
52525
52538
52548
52548
52553
52557
52559
52566
52571
52571
52576
52579
52580
52581
52598
52600
52604
52622
52648
52655
52655
52663
52666
52677
52683
52692
52702
52716
52720
52721
52732
52770
52773
52775
52788
52790
52794
52795
52800
52806
52808
52811
52820
52849
52855
52862
52865
52872
52881
52884
52885
52894
52905
52908
52912
52933
52943
52952
52956
52961
52968
52972
52972
52982
52983
52983
53007
53017
53018
53020
53026
53029
53032
53054
53058
53061
53064
53065
53070
53070
53099
53101
53101
53120
53126
53126
53138
53143
53152
53152
53153
53173
53187
53224
53231
53243
53245
53247
53262
53278
53280
53303
53304
53305
53319
53330
53337
53356
53359
53363
53374
53384
53385
53392
53400
53447
53449
53461
53472
53480
53481
53485
53493
53493
53511
53514
53517
53517
53524
53538
53542
53568
53572
53579
53581
53626
53629
53651
53654
53672
53691
53694
53722
53722
53723
53733
53743
53743
53748
53752
53756
53777
53785
53794
53807
53807
53817
53833
53860
53872
53874
53885
53900
53904
53905
53926
53948
53950
53955
53977
53986
53989
53997
53999
54002
54004
54006
54020
54025
54040
54050
54061
54064
54106
54107
54122
54123
54130
54148
54154
54159
54169
54171
54179
54181
54183
54187
54196
54204
54206
54207
54220
54226
54229
54230
54255
54277
54278
54280
54295
54317
54326
54336
54336
54338
54354
54363
54364
54393
54413
54422
54424
54427
54427
54440
54478
54495
54500
54504
54506
54514
54516
54516
54528
54540
54541
54549
54586
54597
54602
54603
54605
54608
54611
54612
54613
54621
54646
54656
54660
54660
54663
54669
54673
54677
54699
54707
54710
54716
54725
54733
54736
54750
54752
54790
54799
54801
54812
54814
54824
54828
54838
54855
54864
54890
54892
54895
54918
54924
54926
54929
54934
54950
54957
54982
55003
55014
55027
55028
55041
55051
55079
55084
55088
55088
55091
55094
55103
55111
55119
55122
55137
55166
55187
55190
55195
55208
55234
55246
55249
55303
55335
55368
55377
55393
55402
55415
55438
55474
55498
55508
55527
55529
55531
55542
55542
55544
55559
55571
55587
55598
55616
55620
55628
55636
55641
55645
55656
55664
55668
55688
55707
55722
55726
55738
55749
55750
55753
55756
55775
55776
55793
55810
55814
55817
55830
55833
55837
55846
55847
55851
55857
55859
55870
55887
55896
55900
55906
55942
55964
56012
56024
56029
56034
56035
56041
56053
56062
56077
56080
56090
56090
56094
56097
56100
56114
56127
56134
56154
56162
56174
56175
56183
56187
56192
56196
56209
56227
56247
56249
56251
56256
56258
56273
56291
56292
56297
56299
56301
56302
56303
56303
56320
56330
56350
56359
56371
56375
56396
56416
56426
56431
56442
56446
56447
56451
56472
56481
56491
56518
56540
56561
56590
56592
56601
56617
56623
56625
56638
56642
56647
56653
56658
56671
56713
56726
56756
56757
56763
56769
56795
56796
56821
56822
56836
56851
56853
56861
56868
56891
56898
56906
56914
56915
56919
56930
56942
56947
56960
56978
56997
57007
57010
57015
57015
57020
57021
57023
57049
57071
57076
57101
57124
57127
57150
57151
57156
57158
57187
57192
57217
57237
57239
57239
57241
57273
57281
57304
57305
57321
57328
57334
57336
57337
57345
57393
57399
57401
57403
57408
57417
57418
57430
57438
57454
57455
57456
57463
57466
57471
57482
57483
57484
57496
57502
57512
57513
57541
57577
57599
57622
57629
57631
57650
57664
57670
57675
57676
57685
57694
57695
57712
57715
57718
57740
57759
57762
57763
57771
57783
57792
57799
57802
57805
57814
57823
57827
57828
57839
57849
57873
57890
57903
57906
57907
57914
57919
57933
57968
57984
57984
57997
58000
58002
58004
58022
58043
58044
58044
58047
58048
58095
58111
58117
58144
58145
58147
58166
58189
58189
58192
58195
58196
58227
58246
58255
58270
58273
58277
58285
58289
58301
58303
58304
58315
58318
58320
58323
58325
58335
58339
58342
58352
58367
58379
58381
58385
58406
58423
58431
58448
58453
58455
58466
58476
58484
58488
58513
58519
58526
58567
58573
58628
58629
58637
58647
58654
58662
58662
58688
58694
58698
58716
58719
58727
58733
58741
58748
58760
58764
58764
58810
58827
58828
58862
58874
58888
58904
58908
58954
58964
58966
58971
58980
58989
58990
59010
59017
59019
59051
59068
59077
59097
59103
59118
59130
59132
59133
59135
59138
59139
59141
59145
59160
59168
59187
59190
59204
59225
59251
59254
59260
59266
59271
59291
59291
59292
59321
59326
59341
59361
59363
59369
59383
59432
59442
59464
59477
59479
59487
59506
59521
59522
59537
59541
59541
59542
59559
59575
59579
59598
59598
59616
59634
59645
59651
59654
59664
59667
59669
59676
59678
59690
59701
59703
59717
59718
59724
59725
59725
59739
59743
59744
59754
59759
59764
59773
59812
59816
59848
59862
59863
59872
59882
59884
59899
59913
59917
59932
59937
59939
59953
59969
59989
59999
60000
60001
60001
60020
60037
60057
60066
60078
60118
60129
60133
60133
60146
60147
60158
60168
60169
60169
60172
60179
60189
60210
60222
60224
60230
60233
60243
60254
60268
60272
60275
60280
60296
60329
60332
60340
60355
60379
60384
60396
60405
60408
60436
60445
60454
60488
60489
60493
60502
60510
60521
60536
60546
60554
60556
60559
60564
60576
60595
60618
60637
60646
60654
60660
60674
60678
60679
60691
60713
60716
60724
60729
60743
60745
60764
60775
60791
60792
60798
60810
60810
60822
60839
60849
60849
60855
60856
60875
60895
60904
60914
60927
60951
60955
60971
61002
61023
61027
61030
61038
61042
61044
61056
61061
61062
61073
61078
61091
61095
61109
61115
61118
61118
61118
61130
61141
61152
61156
61157
61170
61171
61174
61174
61185
61187
61211
61215
61216
61217
61276
61283
61287
61288
61297
61330
61330
61339
61343
61370
61373
61377
61386
61418
61423
61427
61434
61443
61460
61465
61475
61479
61482
61483
61489
61497
61508
61522
61530
61553
61556
61565
61566
61580
61593
61597
61606
61662
61664
61665
61694
61715
61716
61719
61719
61721
61723
61744
61751
61768
61776
61792
61799
61802
61804
61809
61815
61816
61843
61849
61853
61853
61881
61886
61886
61897
61903
61931
61936
61955
61964
61982
61988
61995
61998
62000
62005
62010
62014
62014
62029
62045
62048
62052
62053
62082
62086
62093
62142
62144
62148
62155
62155
62162
62172
62190
62190
62215
62219
62229
62230
62238
62239
62241
62254
62262
62262
62289
62300
62301
62301
62319
62330
62341
62351
62354
62364
62375
62408
62409
62410
62419
62427
62431
62435
62443
62476
62477
62493
62494
62512
62517
62524
62528
62530
62544
62571
62587
62615
62621
62653
62672
62677
62684
62699
62708
62716
62718
62741
62757
62767
62775
62780
62783
62803
62826
62861
62881
62887
62924
62928
62935
62950
62951
62971
62976
62993
63022
63038
63049
63089
63092
63103
63121
63175
63179
63187
63188
63246
63255
63264
63265
63288
63289
63295
63335
63341
63350
63351
63356
63361
63363
63377
63378
63411
63426
63440
63453
63455
63472
63497
63505
63509
63514
63528
63538
63544
63545
63549
63549
63555
63566
63575
63601
63618
63645
63645
63662
63686
63727
63729
63731
63732
63753
63766
63778
63783
63803
63812
63840
63841
63851
63859
63860
63864
63879
63899
63910
63912
63916
63930
63934
63936
63941
63944
63948
63961
63967
63995
64004
64005
64021
64021
64022
64048
64053
64083
64089
64090
64093
64093
64100
64121
64125
64130
64156
64167
64177
64197
64219
64221
64224
64230
64231
64258
64267
64304
64312
64354
64365
64394
64403
64413
64435
64437
64445
64459
64471
64485
64501
64504
64525
64534
64544
64552
64569
64571
64596
64601
64631
64635
64637
64639
64663
64668
64681
64681
64711
64712
64716
64723
64733
64761
64763
64765
64781
64787
64793
64795
64796
64796
64809
64830
64838
64857
64865
64869
64885
64889
64900
64910
64917
64923
64960
64966
64971
64999
65006
65010
65011
65019
65026
65036
65038
65040
65059
65064
65068
65079
65138
65139
65143
65159
65170
65181
65194
65196
65197
65203
65208
65235
65260
65261
65263
65269
65274
65277
65296
65311
65331
65337
65338
65343
65376
65376
65391
65404
65410
65421
65436
65437
65443
65464
65474
65488
65492
65493
65494
65500
65515
65527
65531
65536
65551
65556
65594
65601
65605
65612
65630
65639
65642
65652
65676
65682
65689
65742
65742
65760
65776
65779
65780
65793
65806
65807
65815
65820
65820
65827
65830
65830
65841
65843
65847
65849
65851
65859
65867
65873
65887
65895
65901
65912
65918
65919
65928
65931
65936
65939
65939
65949
65955
65982
65984
65989
66011
66026
66044
66049
66051
66071
66083
66096
66103
66104
66145
66147
66180
66184
66185
66208
66222
66223
66224
66229
66242
66245
66249
66257
66276
66276
66279
66281
66287
66298
66308
66317
66319
66322
66326
66328
66340
66352
66367
66368
66370
66379
66414
66415
66420
66427
66447
66452
66453
66471
66477
66482
66491
66508
66512
66512
66522
66529
66540
66542
66550
66551
66575
66581
66588
66604
66608
66612
66629
66630
66632
66638
66640
66656
66660
66670
66677
66678
66683
66702
66703
66712
66718
66728
66738
66756
66783
66804
66804
66804
66816
66838
66844
66854
66871
66874
66900
66913
66926
66927
66938
66950
66952
66955
66956
66961
66963
66981
67007
67015
67084
67085
67086
67101
67106
67112
67157
67170
67171
67176
67193
67194
67197
67201
67203
67204
67208
67221
67230
67244
67260
67264
67281
67286
67289
67306
67349
67355
67380
67393
67427
67432
67438
67440
67443
67450
67450
67451
67471
67475
67476
67476
67479
67486
67511
67514
67525
67533
67544
67545
67552
67595
67599
67600
67628
67642
67655
67661
67667
67690
67696
67712
67732
67751
67755
67767
67768
67768
67805
67807
67834
67840
67854
67874
67876
67883
67898
67902
67904
67917
67928
67929
67943
67954
67961
67974
67987
67992
68009
68015
68024
68046
68072
68073
68074
68081
68098
68101
68130
68151
68157
68188
68191
68202
68207
68213
68248
68251
68259
68264
68269
68276
68289
68293
68294
68295
68296
68304
68338
68355
68356
68362
68384
68386
68399
68430
68445
68452
68459
68460
68465
68474
68499
68507
68511
68528
68566
68573
68578
68590
68596
68604
68608
68610
68612
68624
68639
68642
68653
68657
68664
68669
68676
68685
68690
68692
68712
68726
68726
68740
68742
68765
68777
68783
68805
68811
68828
68829
68835
68849
68883
68885
68947
68949
68955
68959
68964
68965
69011
69020
69023
69027
69033
69045
69060
69087
69096
69096
69108
69108
69113
69117
69127
69132
69134
69135
69148
69154
69165
69165
69200
69219
69225
69232
69262
69266
69267
69294
69296
69312
69318
69322
69333
69337
69341
69366
69379
69380
69391
69403
69420
69421
69425
69438
69463
69466
69475
69480
69497
69517
69527
69539
69546
69550
69570
69574
69574
69581
69608
69610
69612
69613
69621
69622
69630
69634
69642
69642
69651
69673
69676
69691
69697
69707
69742
69744
69782
69783
69791
69794
69809
69823
69836
69837
69846
69850
69864
69865
69866
69872
69874
69887
69887
69888
69895
69898
69904
69909
69925
69944
69956
69961
69974
69975
69978
69987
70024
70032
70046
70056
70086
70100
70109
70127
70156
70167
70186
70199
70201
70206
70243
70252
70265
70265
70290
70299
70334
70340
70357
70372
70376
70378
70410
70417
70424
70440
70461
70479
70486
70534
70563
70566
70568
70584
70586
70592
70607
70609
70618
70631
70655
70660
70666
70666
70672
70697
70775
70813
70823
70832
70836
70844
70854
70861
70875
70889
70890
70901
70902
70905
70911
70930
70932
70933
70942
70953
70987
70998
71000
71012
71015
71024
71034
71039
71044
71050
71062
71073
71085
71089
71111
71112
71114
71153
71154
71168
71178
71185
71238
71238
71241
71255
71260
71294
71308
71309
71311
71318
71326
71327
71338
71364
71368
71407
71411
71428
71432
71450
71451
71459
71462
71462
71466
71467
71473
71482
71484
71497
71523
71532
71541
71579
71590
71610
71617
71662
71675
71688
71692
71695
71697
71698
71702
71721
71730
71730
71733
71743
71780
71793
71799
71802
71823
71828
71829
71833
71838
71843
71852
71872
71885
71889
71914
71917
71928
71956
71962
71987
71988
72000
72001
72004
72008
72009
72010
72017
72027
72028
72037
72039
72045
72058
72060
72063
72065
72071
72072
72085
72122
72123
72127
72128
72149
72153
72166
72176
72192
72199
72205
72224
72226
72230
72234
72244
72277
72283
72292
72295
72314
72320
72325
72342
72359
72375
72395
72405
72417
72421
72422
72428
72435
72442
72472
72489
72503
72514
72515
72538
72554
72558
72568
72577
72584
72585
72593
72608
72618
72663
72665
72673
72678
72681
72684
72685
72688
72716
72722
72750
72757
72767
72779
72779
72782
72784
72791
72794
72795
72809
72815
72818
72833
72839
72854
72859
72859
72888
72898
72900
72903
72928
72937
72945
72947
72977
72982
73007
73010
73020
73024
73041
73044
73046
73063
73070
73102
73111
73113
73128
73133
73134
73146
73156
73157
73168
73172
73173
73190
73194
73202
73243
73248
73269
73279
73314
73315
73318
73321
73335
73336
73343
73346
73349
73358
73375
73389
73403
73406
73438
73440
73444
73465
73488
73491
73495
73506
73523
73524
73526
73532
73540
73544
73545
73568
73570
73574
73594
73598
73603
73612
73633
73647
73672
73675
73695
73696
73700
73701
73721
73729
73732
73736
73754
73763
73766
73767
73773
73774
73782
73799
73807
73815
73822
73835
73854
73854
73866
73883
73893
73896
73901
73909
73921
73931
73936
73947
73949
73977
73977
73980
73991
73993
74026
74039
74043
74050
74065
74072
74077
74077
74080
74095
74119
74144
74147
74162
74178
74179
74183
74194
74208
74212
74238
74239
74239
74241
74248
74253
74256
74261
74278
74286
74299
74301
74305
74311
74315
74318
74335
74335
74342
74353
74372
74372
74373
74377
74380
74391
74393
74401
74441
74457
74480
74480
74498
74500
74511
74513
74549
74555
74564
74571
74578
74593
74593
74595
74596
74616
74627
74642
74643
74653
74671
74673
74698
74720
74728
74729
74733
74742
74752
74778
74784
74793
74797
74807
74812
74818
74830
74830
74832
74839
74859
74872
74876
74882
74883
74890
74896
74897
74904
74931
74934
74938
74964
74964
74967
74972
74975
74977
75005
75008
75009
75024
75037
75040
75057
75065
75079
75084
75084
75094
75097
75109
75120
75130
75134
75161
75200
75204
75206
75207
75209
75210
75218
75223
75238
75238
75243
75253
75261
75289
75290
75292
75298
75303
75314
75316
75317
75321
75331
75333
75342
75343
75367
75369
75377
75386
75393
75400
75402
75412
75414
75415
75419
75419
75424
75435
75444
75445
75446
75462
75493
75493
75504
75516
75516
75535
75552
75559
75576
75580
75588
75591
75596
75618
75619
75629
75634
75635
75657
75683
75689
75707
75713
75727
75746
75748
75750
75781
75806
75806
75809
75811
75815
75819
75827
75840
75841
75845
75853
75858
75863
75871
75887
75897
75904
75906
75932
75934
75950
75955
75958
75978
75986
76046
76089
76111
76114
76131
76133
76143
76145
76156
76164
76176
76186
76189
76224
76226
76281
76332
76341
76363
76369
76376
76383
76386
76398
76410
76422
76423
76425
76426
76448
76466
76472
76493
76496
76513
76521
76536
76542
76550
76554
76563
76563
76564
76568
76569
76599
76608
76610
76645
76669
76684
76685
76690
76690
76691
76697
76703
76709
76741
76753
76757
76758
76779
76795
76808
76830
76855
76879
76881
76886
76890
76924
76928
76930
76933
76939
76947
76950
76954
76960
76963
76981
76990
77004
77008
77012
77013
77061
77068
77069
77099
77100
77107
77131
77141
77152
77152
77156
77158
77163
77171
77173
77177
77178
77189
77190
77213
77215
77219
77235
77237
77249
77250
77267
77279
77280
77282
77282
77283
77287
77292
77301
77312
77317
77330
77344
77347
77355
77359
77360
77370
77387
77391
77407
77418
77455
77458
77470
77482
77485
77502
77502
77515
77517
77522
77522
77525
77537
77556
77559
77648
77657
77657
77659
77667
77674
77677
77684
77685
77691
77703
77752
77759
77765
77769
77786
77787
77788
77791
77799
77802
77820
77828
77839
77854
77856
77856
77886
77887
77891
77894
77909
77913
77917
77934
77939
77947
77974
77975
78019
78021
78022
78061
78063
78071
78093
78099
78111
78112
78122
78133
78134
78152
78155
78156
78158
78159
78171
78172
78172
78192
78197
78208
78213
78224
78225
78229
78230
78237
78243
78249
78273
78277
78283
78289
78311
78341
78362
78366
78371
78386
78399
78401
78409
78416
78418
78438
78439
78458
78476
78502
78513
78521
78525
78546
78559
78567
78582
78585
78587
78590
78592
78606
78607
78615
78620
78635
78644
78649
78663
78667
78686
78688
78695
78695
78707
78712
78732
78735
78738
78746
78750
78763
78767
78768
78781
78782
78783
78784
78791
78791
78835
78858
78860
78861
78864
78879
78886
78927
78930
78935
78945
78958
78959
78964
78964
78970
78973
78974
78977
78978
78979
78990
79002
79019
79020
79024
79028
79032
79034
79051
79056
79065
79071
79081
79087
79091
79108
79111
79139
79140
79187
79219
79222
79228
79240
79245
79246
79250
79257
79309
79313
79327
79327
79351
79363
79378
79379
79381
79383
79386
79394
79425
79427
79430
79444
79453
79459
79469
79471
79487
79498
79510
79514
79518
79533
79547
79547
79554
79555
79579
79591
79607
79639
79646
79655
79661
79680
79696
79718
79733
79747
79753
79757
79767
79774
79804
79818
79852
79855
79861
79865
79867
79872
79893
79893
79899
79909
79914
79915
79935
79942
79945
79957
79965
79969
79981
79984
79984
79996
80013
80021
80035
80052
80063
80065
80066
80067
80068
80068
80074
80079
80080
80087
80108
80117
80133
80135
80142
80150
80163
80166
80203
80206
80213
80213
80220
80221
80234
80238
80248
80250
80251
80253
80273
80289
80305
80321
80337
80338
80361
80366
80423
80433
80445
80445
80475
80491
80496
80497
80505
80522
80561
80563
80564
80575
80577
80587
80590
80591
80593
80616
80623
80627
80632
80643
80652
80657
80665
80682
80682
80698
80732
80734
80754
80763
80785
80792
80796
80799
80805
80813
80821
80832
80834
80834
80867
80880
80892
80894
80903
80903
80912
80913
80913
80913
80929
80936
80946
80953
80955
80958
80976
80977
80986
80990
80991
81000
81001
81011
81028
81060
81067
81085
81108
81115
81129
81167
81167
81179
81188
81213
81220
81221
81230
81277
81286
81305
81317
81317
81344
81360
81363
81381
81382
81384
81409
81435
81469
81476
81478
81484
81510
81512
81559
81570
81574
81584
81603
81614
81619
81626
81631
81632
81676
81684
81685
81694
81697
81719
81722
81725
81728
81729
81747
81755
81756
81769
81791
81794
81803
81828
81834
81835
81855
81863
81900
81903
81904
81947
81947
81950
81970
81971
81988
81991
81993
82013
82029
82033
82035
82049
82057
82060
82064
82065
82067
82092
82098
82104
82114
82116
82143
82148
82152
82153
82156
82160
82196
82212
82213
82221
82225
82231
82235
82253
82284
82309
82316
82322
82326
82339
82352
82356
82375
82403
82416
82419
82423
82436
82460
82462
82474
82477
82486
82489
82517
82528
82528
82553
82564
82566
82566
82571
82574
82582
82596
82614
82619
82623
82628
82632
82633
82640
82646
82649
82688
82692
82710
82718
82721
82734
82735
82747
82758
82758
82760
82767
82785
82795
82796
82819
82824
82833
82853
82865
82872
82876
82880
82888
82891
82894
82905
82915
82926
82929
82930
82932
82932
82956
82973
82974
82981
82981
82986
82992
82993
82999
83021
83036
83040
83059
83068
83082
83084
83087
83096
83120
83127
83138
83139
83178
83181
83190
83202
83202
83211
83216
83223
83233
83240
83245
83253
83265
83271
83283
83300
83314
83343
83348
83357
83361
83365
83376
83380
83389
83398
83401
83412
83417
83422
83435
83437
83442
83444
83449
83482
83485
83496
83497
83520
83536
83538
83547
83559
83562
83600
83610
83615
83619
83620
83624
83630
83639
83647
83652
83672
83674
83684
83685
83687
83693
83695
83697
83732
83741
83742
83747
83749
83758
83772
83778
83778
83790
83797
83808
83810
83825
83827
83830
83842
83858
83858
83870
83870
83906
83930
83940
83944
83945
83968
83973
83975
83982
84005
84026
84049
84050
84069
84074
84085
84117
84123
84132
84148
84156
84159
84172
84210
84222
84223
84225
84225
84227
84229
84279
84281
84283
84285
84307
84314
84318
84338
84345
84345
84356
84376
84390
84403
84412
84427
84453
84467
84470
84484
84507
84537
84553
84562
84578
84595
84622
84644
84644
84650
84656
84671
84673
84683
84694
84715
84740
84745
84767
84769
84791
84803
84833
84843
84850
84857
84868
84881
84891
84907
84909
84909
84915
84921
84922
84936
84942
84952
84962
84968
84977
84989
85002
85005
85007
85011
85021
85036
85037
85046
85067
85070
85074
85076
85077
85081
85082
85090
85093
85100
85107
85131
85135
85147
85150
85156
85160
85161
85165
85172
85183
85186
85226
85248
85287
85287
85296
85340
85347
85353
85416
85426
85427
85431
85441
85473
85475
85486
85486
85488
85502
85508
85514
85528
85528
85531
85534
85536
85550
85556
85569
85575
85591
85596
85600
85624
85642
85644
85645
85656
85667
85674
85687
85703
85720
85722
85738
85741
85745
85751
85753
85755
85780
85790
85805
85822
85825
85826
85829
85830
85835
85839
85842
85858
85873
85874
85878
85880
85885
85892
85908
85909
85914
85926
85933
85945
85957
85960
85965
85974
85979
85981
85991
86003
86032
86048
86048
86052
86073
86091
86095
86111
86112
86127
86130
86140
86143
86148
86163
86177
86181
86185
86191
86205
86210
86212
86212
86215
86222
86222
86230
86243
86251
86255
86269
86277
86285
86290
86290
86292
86293
86294
86301
86309
86331
86348
86352
86371
86401
86409
86427
86430
86440
86455
86474
86478
86491
86496
86502
86533
86538
86543
86547
86559
86567
86569
86571
86581
86585
86595
86600
86613
86616
86633
86643
86645
86654
86661
86678
86722
86734
86747
86779
86784
86785
86796
86816
86839
86842
86845
86856
86882
86895
86920
86925
86926
86930
86945
86955
86958
86976
86984
86987
87013
87034
87044
87056
87074
87075
87099
87109
87119
87120
87125
87128
87133
87146
87147
87156
87156
87172
87174
87182
87191
87211
87216
87229
87234
87262
87264
87267
87287
87293
87295
87302
87302
87306
87324
87343
87348
87385
87396
87399
87404
87413
87423
87428
87456
87457
87460
87462
87470
87491
87495
87500
87503
87556
87572
87574
87591
87597
87602
87629
87630
87642
87644
87647
87653
87656
87657
87665
87672
87681
87684
87714
87732
87747
87749
87756
87768
87785
87789
87797
87817
87849
87860
87868
87881
87885
87907
87951
87961
87963
87967
87985
87991
88017
88018
88060
88062
88087
88092
88097
88097
88115
88136
88163
88170
88190
88192
88208
88225
88225
88232
88236
88240
88251
88253
88274
88294
88310
88310
88312
88315
88326
88334
88341
88347
88354
88355
88357
88362
88367
88415
88430
88439
88453
88457
88479
88480
88486
88507
88517
88518
88531
88558
88579
88595
88598
88600
88603
88607
88653
88659
88663
88671
88675
88682
88687
88701
88702
88703
88707
88759
88762
88792
88802
88819
88819
88829
88832
88835
88836
88851
88851
88884
88908
88909
88914
88920
88944
88946
88960
88968
88975
88982
88994
88995
89001
89005
89054
89066
89071
89078
89085
89100
89107
89110
89113
89117
89124
89128
89187
89190
89209
89227
89232
89233
89239
89254
89262
89287
89308
89313
89335
89336
89337
89358
89358
89361
89364
89395
89396
89409
89411
89446
89446
89447
89454
89456
89459
89462
89465
89465
89466
89475
89498
89502
89507
89521
89527
89557
89557
89558
89572
89583
89584
89586
89596
89604
89618
89622
89631
89636
89639
89645
89654
89656
89665
89665
89666
89666
89696
89702
89727
89729
89731
89733
89735
89742
89783
89784
89794
89816
89852
89862
89877
89888
89899
89915
89919
89973
89976
89981
89983
89999
90015
90017
90020
90027
90044
90056
90058
90068
90072
90072
90073
90089
90090
90097
90097
90100
90115
90116
90124
90137
90138
90144
90145
90148
90153
90159
90170
90172
90174
90178
90200
90202
90205
90211
90215
90224
90224
90229
90236
90239
90241
90265
90266
90268
90288
90293
90304
90320
90321
90330
90339
90364
90366
90376
90378
90393
90394
90410
90418
90426
90430
90454
90458
90466
90468
90479
90486
90489
90501
90513
90520
90522
90523
90527
90538
90538
90541
90555
90557
90558
90565
90580
90583
90584
90593
90598
90613
90616
90667
90673
90675
90685
90701
90707
90712
90713
90716
90728
90731
90737
90750
90752
90760
90766
90768
90771
90774
90791
90804
90810
90820
90836
90840
90844
90853
90864
90865
90868
90871
90893
90896
90911
90914
90917
90921
90933
90942
90950
90958
90965
90976
90979
90992
90995
90997
91003
91005
91015
91051
91056
91074
91086
91087
91103
91108
91109
91110
91110
91138
91138
91157
91160
91160
91179
91182
91184
91187
91196
91201
91203
91213
91256
91262
91269
91292
91303
91318
91324
91324
91328
91334
91334
91335
91343
91345
91354
91355
91356
91358
91362
91374
91376
91384
91458
91460
91467
91467
91479
91493
91500
91508
91514
91517
91553
91557
91568
91582
91586
91591
91593
91608
91643
91644
91666
91673
91688
91706
91728
91744
91746
91794
91796
91798
91800
91800
91801
91804
91806
91810
91846
91847
91850
91861
91873
91881
91883
91888
91915
91927
91936
91944
91951
91973
91984
91985
92003
92008
92011
92019
92021
92033
92047
92056
92060
92069
92095
92108
92109
92117
92122
92122
92144
92146
92150
92178
92180
92182
92221
92234
92234
92244
92269
92282
92283
92296
92297
92307
92317
92326
92327
92333
92348
92351
92360
92360
92360
92372
92376
92400
92421
92429
92438
92465
92467
92472
92472
92500
92515
92525
92536
92542
92545
92545
92547
92550
92552
92563
92582
92600
92603
92618
92624
92629
92635
92644
92665
92677
92704
92739
92740
92745
92765
92776
92789
92807
92813
92815
92828
92843
92856
92856
92862
92873
92895
92926
92927
92944
92945
92948
92962
92963
92964
92971
92976
92984
92992
92995
92998
93006
93018
93049
93063
93064
93064
93065
93072
93076
93076
93081
93096
93097
93104
93109
93119
93128
93136
93146
93146
93155
93171
93176
93194
93206
93209
93223
93230
93232
93234
93238
93245
93256
93269
93295
93311
93323
93335
93342
93364
93368
93384
93403
93404
93428
93432
93436
93439
93449
93455
93459
93472
93478
93480
93481
93482
93500
93528
93541
93572
93586
93592
93604
93612
93619
93628
93633
93654
93655
93663
93682
93685
93694
93707
93721
93734
93770
93775
93789
93804
93806
93810
93828
93852
93857
93870
93884
93909
93944
93945
93949
93957
93971
93979
93982
93985
93996
94022
94025
94029
94039
94042
94045
94047
94049
94051
94061
94070
94070
94070
94081
94091
94093
94098
94124
94127
94144
94144
94148
94150
94163
94191
94221
94229
94251
94252
94284
94290
94314
94316
94337
94341
94346
94356
94357
94362
94363
94378
94387
94425
94428
94431
94434
94443
94478
94485
94493
94494
94512
94521
94576
94584
94589
94613
94618
94621
94631
94639
94639
94640
94670
94670
94696
94727
94769
94774
94779
94784
94807
94835
94853
94860
94867
94879
94890
94909
94916
94917
94923
94930
94944
94959
94965
94981
95007
95030
95039
95040
95043
95064
95069
95079
95079
95106
95107
95112
95120
95122
95130
95146
95267
95281
95287
95307
95328
95340
95349
95366
95370
95377
95379
95396
95411
95439
95443
95452
95459
95469
95473
95520
95523
95533
95580
95585
95594
95609
95610
95618
95621
95628
95663
95677
95687
95694
95698
95711
95715
95716
95726
95742
95776
95786
95787
95811
95817
95818
95819
95820
95832
95863
95869
95869
95877
95901
95938
95939
95940
95940
95953
95960
95963
95970
95973
95977
95986
95989
96001
96003
96007
96008
96036
96038
96045
96046
96050
96057
96081
96104
96107
96111
96126
96154
96155
96162
96179
96179
96181
96205
96228
96252
96254
96292
96296
96298
96305
96309
96312
96329
96333
96337
96366
96378
96379
96387
96398
96400
96407
96412
96420
96422
96448
96448
96467
96469
96475
96482
96508
96516
96528
96528
96537
96539
96543
96546
96560
96569
96569
96580
96600
96605
96612
96612
96618
96636
96654
96682
96706
96707
96716
96718
96720
96728
96729
96733
96737
96782
96815
96817
96820
96823
96827
96837
96844
96851
96853
96864
96867
96878
96887
96889
96905
96935
96936
96948
96963
96965
96972
96973
96974
96982
96983
96985
96997
97000
97003
97025
97027
97028
97033
97035
97042
97044
97049
97050
97052
97061
97082
97087
97092
97110
97168
97177
97190
97196
97197
97212
97215
97220
97222
97229
97229
97237
97245
97266
97273
97291
97306
97308
97312
97318
97335
97339
97345
97351
97360
97390
97400
97432
97435
97454
97454
97456
97459
97465
97472
97487
97489
97497
97518
97522
97544
97552
97563
97565
97581
97588
97596
97643
97647
97652
97655
97668
97681
97684
97685
97689
97689
97699
97700
97702
97714
97722
97722
97723
97726
97726
97734
97737
97747
97766
97789
97792
97803
97811
97816
97824
97832
97834
97834
97845
97860
97861
97864
97872
97872
97873
97893
97899
97931
97941
97948
97952
97966
97975
97976
97981
97985
97993
98012
98012
98014
98020
98025
98032
98071
98089
98108
98116
98139
98140
98152
98153
98173
98180
98191
98193
98201
98205
98211
98217
98217
98221
98247
98248
98250
98253
98258
98272
98274
98280
98283
98295
98303
98309
98315
98320
98328
98331
98335
98340
98349
98353
98379
98409
98428
98430
98489
98516
98525
98537
98544
98548
98548
98549
98555
98576
98579
98586
98589
98600
98605
98617
98617
98617
98621
98624
98626
98628
98638
98640
98645
98661
98688
98696
98702
98712
98717
98728
98729
98730
98730
98736
98743
98756
98764
98766
98789
98801
98803
98805
98825
98845
98850
98854
98873
98892
98895
98911
98917
98930
98941
98943
98956
98957
98961
98968
98969
98985
98989
98989
99005
99014
99019
99045
99055
99060
99075
99080
99088
99102
99121
99122
99123
99123
99127
99154
99154
99193
99194
99214
99221
99222
99226
99229
99235
99238
99251
99258
99259
99263
99289
99298
99312
99347
99353
99363
99365
99378
99384
99394
99400
99409
99413
99414
99420
99465
99469
99474
99477
99480
99489
99490
99490
99503
99507
99525
99526
99537
99539
99544
99554
99558
99562
99563
99564
99567
99602
99608
99626
99641
99662
99670
99679
99681
99691
99695
99718
99719
99725
99729
99729
99743
99755
99769
99781
99784
99786
99787
99787
99787
99792
99810
99826
99840
99860
99861
99870
99881
99939
99940
99941
99946
99965
99973
99973
99994
100000
