8616
299
8149
6614
565
1397
7639
6447
710
2701
8753
8709
5138
6364
7798
6963
9351
5086
3866
4172
6567
8166
3116
1203
371
8100
4305
9472
1448
2406
563
6540
5802
627
2561
5616
2693
6452
2166
9962
8582
4780
7466
270
9111
406
8466
7323
899
7865
8688
7335
8283
7720
2792
6681
8547
7638
7468
5745
2415
1439
3422
2065
8155
1601
2276
1256
3915
5526
6430
1341
595
9153
9694
2539
8112
2348
1321
9334
8133
2625
8667
6895
319
744
9078
3831
4161
2986
5501
8558
140
8413
4878
6628
9307
8877
1882
8886
1441
6158
3175
6655
6033
5984
5825
3863
8530
2744
4325
3185
6207
4370
137
3994
5029
346
7700
6902
8941
8113
9643
1463
9683
7591
3418
5564
8010
8638
8047
72
9822
2126
4212
2870
5780
5590
2576
3190
614
7489
1640
6704
6050
8732
5655
594
3947
2029
5835
8831
807
2894
2194
7758
5808
222
2367
6056
1770
9362
1316
7995
6866
8843
8471
5625
1011
2715
7751
2099
344
9988
7775
6876
230
1220
8816
7748
7298
2338
4998
2763
5706
1958
7996
129
8304
6623
3816
4938
6971
680
5595
4722
9907
399
6943
6072
5078
4919
8076
8013
3096
1505
7606
536
1330
6437
5633
2497
9727
8603
2063
3057
891
6702
9477
752
5413
5671
1947
3981
4867
788
7455
3847
9881
8121
5640
9522
803
1848
4613
768
7566
8366
4432
4224
4921
9690
8103
7519
75
6327
4058
2090
9063
3393
7922
559
6941
7915
8670
7541
1503
7174
448
5190
6013
4235
7326
5332
5571
7868
996
2862
9824
8237
9393
9804
3437
7390
681
1815
1405
7158
2734
729
3791
9324
3404
7011
9679
2898
484
5591
2638
404
7546
1594
1284
2297
5512
1038
6137
295
396
9553
1642
9508
7003
9428
4104
6343
669
862
4769
5156
1993
4696
2325
5334
2347
8524
2544
1629
6433
3650
8637
4746
2268
5249
1690
4270
2752
5349
3668
9010
4489
9423
6035
4323
8375
9630
6283
6111
7054
6229
8754
686
6082
6937
3954
9376
8600
3079
7816
9255
9864
4875
9801
3873
7062
8996
9141
2213
98
5600
2231
7348
853
6483
3315
9430
363
7370
6233
2188
8507
7525
4408
235
9971
3900
7284
9617
8002
8016
3722
5410
1657
7849
4077
492
784
1779
2787
6523
8949
190
2478
7691
2512
6641
4367
9944
4259
6264
5182
5300
2008
8852
8416
4785
9645
2195
9118
3526
4950
6969
841
1224
3249
7743
9486
6494
6794
6105
9584
3720
5599
9087
1481
2360
4812
7018
3583
4419
194
7185
6630
8589
9576
9132
8899
9045
9413
1065
3250
8564
6097
6242
5998
7937
2965
4217
6772
5560
7418
1795
3522
6200
6103
2490
8848
9786
6390
6970
9002
6186
4881
6881
5188
5743
3637
6962
5044
2309
2117
1514
263
3133
2925
4495
7351
6764
8988
5785
3844
8361
6299
8882
9470
7254
3318
1692
8498
2728
229
3673
3546
3183
5129
8388
5007
302
5241
2303
9099
4562
7333
6128
6798
7313
9886
4056
3222
8441
7452
8572
7900
4798
9659
221
949
1803
825
6809
617
5424
3493
9567
548
4519
5351
7497
1911
6395
2804
3708
4630
8070
3005
1580
7017
9923
6617
3280
6457
5093
5009
313
3682
2741
7357
8406
1342
2971
7682
1417
3337
6002
6284
2522
466
6227
2670
112
9083
2938
9782
6501
8631
4927
7773
3425
7622
4244
9444
68
3441
2876
84
3278
4571
3033
4255
126
5937
4310
2404
3106
9405
3392
8701
3793
5990
9936
8327
8747
9163
9898
8398
9259
9810
6663
3281
8311
4800
635
5014
5030
5970
1455
2737
7171
881
9246
4537
7536
6040
4044
5721
5344
1188
7386
9040
3356
3566
5857
6752
8927
6044
6467
4192
1680
3937
62
7702
5186
1734
3920
7935
1174
7824
6027
5130
9866
6591
8273
3467
6518
558
4940
797
6039
2642
8934
3693
846
4094
5149
292
6243
9291
4166
8967
7373
2477
7322
9061
7259
6787
7766
5869
9537
5781
8874
8098
2915
4264
2184
2151
9951
6959
1292
8997
9097
1126
831
1387
8447
2470
6428
446
4050
5842
4027
6596
7383
599
6315
5109
9631
6796
4390
1389
6944
6553
9840
590
8529
7051
325
8299
888
6676
9958
2808
6606
7371
9794
1772
2176
9832
5517
3099
3391
6912
8800
889
3634
9687
7735
8404
9053
6957
5094
9672
4281
6347
6607
7754
3645
2639
9582
6683
7838
503
4276
9189
8169
6727
9816
2115
3621
9594
8866
153
5598
122
5553
1683
8202
2135
7253
9865
6110
6269
6994
5735
619
457
3141
6587
4417
8646
6187
2462
2006
6634
1139
4568
5371
7506
6278
1638
5449
795
1470
2434
9157
4673
902
7094
9945
6473
4170
4332
7534
4013
1013
8341
6710
7558
5928
3849
4084
4164
2129
6276
850
3978
7093
8860
2085
6204
5596
819
8271
8849
4500
6402
7329
1432
419
2204
5259
989
9633
9013
6651
5639
6145
4713
1871
4348
2393
5313
6429
5026
3912
3779
9456
5279
7202
2142
8368
4454
4728
5515
7573
8700
7038
2020
8161
512
6159
9955
2207
1039
9779
3541
4108
2545
1120
5815
7395
605
2835
1324
80
9004
1966
8359
6222
4574
1788
5715
7270
9939
8721
6921
3955
8319
8900
3744
9411
4768
5853
9388
5207
6826
3757
644
7953
5365
4821
337
1707
9849
3215
1210
9173
3015
9119
2253
4314
7827
6366
8538
2759
6642
9424
3852
670
8864
9052
1486
7176
5969
8139
5680
5775
3019
6643
5505
1365
556
1184
135
9418
2358
5727
5148
5032
2421
3090
2620
4838
480
6572
272
8983
2800
1898
6069
6489
513
4193
1855
4470
7548
8973
8168
9029
983
8353
9282
6597
2896
8099
1196
6803
159
410
6656
4086
1278
6090
3294
8212
7744
7421
3016
8627
5288
4611
4158
5756
2304
7179
9558
117
8656
3204
648
8023
8556
6205
320
6800
4226
1325
97
532
9771
2109
4110
5471
3147
7238
4335
5150
8128
5718
6869
3843
289
8206
1070
4859
1123
3604
5920
7299
418
6595
3780
1572
6907
1679
3398
8745
4900
6120
4851
3151
9607
3674
7504
9129
4779
9348
4105
4453
7212
5511
5154
9656
8724
392
4006
9517
3081
4490
4590
1553
7196
1888
9863
9890
1414
3715
4539
380
741
3169
6362
9416
2340
1920
4038
6768
7661
5716
3095
3332
307
1618
9443
7077
1423
6083
3206
1834
6034
3075
1955
1539
4087
2764
5497
7163
2515
2566
2720
198
8352
9904
6480
690
3976
5169
7919
5572
15
9360
9682
8508
918
9131
28
3405
2875
9191
6658
8828
5883
1689
5370
2014
6660
4729
8349
4440
1804
9316
8883
5359
5285
6394
3767
9394
6877
598
8109
1914
3459
2464
5720
3297
4436
4910
369
6162
9062
2417
1726
1536
3237
5843
9281
7627
7257
6926
1333
2733
2177
2025
5172
3892
5684
2056
6086
4850
5466
7447
5199
3092
6746
1979
5251
6790
7346
3896
6779
2691
2131
3540
8305
533
9312
4650
5
4904
5484
8897
9823
1283
1062
6023
7498
7685
890
1171
2897
4379
3663
4799
2343
9778
1743
4719
2146
4576
9232
287
9942
1246
9197
6262
78
1621
5005
6031
9358
3374
8999
1554
943
2252
2180
312
6632
7841
7241
589
9296
7023
5577
9513
6818
7173
2541
9803
8995
2745
6894
9752
6001
7778
1723
7397
7755
7345
6880
8235
6822
4210
1421
8096
2975
8086
7076
9533
7419
8089
3284
6129
9156
5801
3622
4265
4687
1049
7538
5386
6328
9703
6425
2770
7057
8427
8165
8531
7920
5792
7851
953
1475
3950
5101
8693
2647
912
4860
4400
5379
4572
6945
9591
4387
2354
3389
938
7122
612
5246
6511
9273
3327
2018
7910
765
4954
703
3659
522
4685
1739
7526
793
9480
4204
133
2873
1658
940
2384
3590
778
7495
7022
1371
9743
4
2226
3378
5430
1844
2660
7459
6167
7957
7405
9323
523
6338
2371
355
5185
8156
2830
2753
3423
7416
7409
2324
4845
4843
5811
9827
9798
1295
9595
2882
3671
8931
4162
16
8330
367
4433
3443
711
1105
339
8323
1775
7102
81
460
9139
1806
9007
4026
1015
1000
4468
4001
5800
4057
189
4313
3514
9225
9662
4426
8138
4422
2327
5865
7127
5247
5135
2263
9213
2019
4250
6734
7046
9815
386
8111
5047
297
415
5404
1403
6771
4550
5102
7107
6288
8528
5409
6261
7095
1051
4835
3577
264
2530
7079
8579
9054
2540
8819
1891
4541
8537
3660
5377
174
3469
1245
8673
7330
9180
9699
3709
4705
5710
4522
4034
7020
9210
1648
5519
8613
8203
6275
7787
1215
4556
9089
3244
2578
6138
7925
9829
8189
3837
1019
8371
2321
5299
2840
2395
5480
4448
8548
5483
629
3444
2092
1406
4115
6170
5760
4645
176
1528
827
7078
166
1922
562
7999
9596
3456
9916
9219
7747
9976
3936
4296
2480
6750
602
6550
957
6021
969
4895
7451
3334
8887
3406
402
8400
3724
9568
1020
1285
8921
1902
8736
4030
2982
1932
9051
361
8676
2482
3651
8506
1457
1257
9697
7036
6421
3269
4243
2121
2562
1482
1103
4229
1328
8978
4361
3399
9654
3768
4395
8041
7820
4744
7239
8142
945
1946
1090
9941
9692
6470
737
801
9121
4010
1388
8985
5866
8740
2868
8979
9947
2370
1825
8513
8224
2858
2775
1583
6047
5363
645
2827
9162
3790
4133
7780
2291
2557
6626
7696
134
3596
2907
9179
7132
5181
9026
3536
3782
7085
5540
7777
5306
6859
5513
298
1091
4718
4605
5290
7640
7994
3299
204
3749
9135
4794
1603
9556
3771
8751
6976
5641
8187
4877
3750
2932
4467
7649
442
6318
7441
2037
3232
579
2133
8560
7853
8890
1385
3162
6703
5908
901
9073
7183
7084
6469
1555
6113
4486
7666
4160
3639
156
7628
8872
3270
7067
8625
46
7429
3542
3747
6095
3973
1075
6759
3088
2241
8661
6555
8593
1022
6897
4209
7917
4852
4189
6755
6608
4019
1838
9625
5329
7110
5116
5992
1705
6116
600
2034
5528
6667
271
1685
8573
2612
7520
3853
8536
6729
4517
893
6396
6679
5695
9331
1181
8081
7644
8046
5202
5506
4283
7060
3554
8190
1655
4994
6280
6342
1095
1633
6360
5045
13
5034
7294
6325
9729
8071
5494
2328
8395
754
791
4321
8006
2527
5963
4073
7986
455
1422
6720
8284
2677
6133
3086
4295
3301
2442
4101
6898
4863
8856
718
8455
5237
3362
9686
1221
3860
5662
69
7255
2001
2136
9426
3701
7444
3165
9344
6604
2793
5583
8346
9402
1789
4304
3059
5423
1069
9740
5088
1349
5782
9373
9275
8162
4751
7266
8410
9217
6756
2163
2673
5929
3644
5654
2503
1632
8770
1616
5472
6357
57
7722
2924
1401
4369
9439
9485
3433
1573
7693
6210
5328
4558
8687
4681
8000
3799
6317
1614
3834
4032
2411
8963
1253
4458
1068
1546
824
6099
1415
5304
2351
6627
8869
414
4012
9150
7704
672
9895
8488
2973
3913
125
3753
8792
6677
6481
9386
1959
756
3809
6578
8185
6785
2528
5142
5968
4119
2598
6213
9546
525
9547
2102
7578
5884
3176
9938
4725
1057
7604
1071
4135
9142
1585
4230
5742
3025
9574
8220
4914
4249
3367
7279
782
611
6737
1587
2017
8392
1874
7836
9894
4126
311
5042
1990
5558
1686
2852
5524
5162
8783
4946
3132
7965
5277
9005
5438
5647
3252
4898
2822
3390
4981
1561
5545
2031
9387
2087
4089
8503
6212
1326
1830
8539
4811
5608
1477
2015
5064
8761
1372
9590
1766
2387
3829
4274
4159
8510
3326
4125
5322
8808
8003
3369
2672
2208
510
4136
2070
5435
3198
8959
9841
6639
3431
9036
4512
1876
5955
1694
1358
5763
4741
2773
7774
8153
9781
6106
4246
3989
6598
1513
8743
500
585
8760
261
3156
1670
546
9946
6690
1927
2751
7508
3675
2172
6505
3984
7340
1232
2245
9256
7830
267
2755
6933
5790
8097
7618
649
7697
5095
1892
1207
9515
6418
6993
3408
3862
6981
4976
7518
9571
8370
8998
9529
1542
7530
5315
5465
7971
4238
2076
2843
52
7867
9109
9585
5479
9417
9301
7855
4315
5860
2105
3490
7664
3699
4054
8075
478
1951
5158
1211
8180
8674
6332
6949
1237
4831
3992
5938
8487
5232
7677
7555
597
6530
527
5178
1099
948
8727
5531
2320
104
4549
2685
7586
6361
8686
7584
3665
5674
2445
1935
8737
7547
7881
6799
8893
4412
7562
5021
2900
1516
9964
6953
3386
2427
6698
766
4392
4732
9972
8562
6124
860
3286
861
376
2814
5919
4416
4754
6964
2855
8429
3171
2440
1667
4526
526
4607
9410
3159
5399
8733
8833
83
119
491
7160
6832
2714
5411
7600
9340
9231
5806
3014
7598
1064
8442
1963
9589
1040
631
5870
7776
3875
8022
8946
2911
4282
4052
9917
8827
6692
7137
6435
2935
120
7154
3704
8823
2689
61
5436
5586
6700
7073
7291
3755
7960
6781
4080
6569
9212
9563
9066
7550
5565
1282
2648
3438
9346
262
2782
5004
1607
5520
1451
555
6048
3403
2560
6890
9957
4959
5073
8062
9871
7817
4434
9441
7806
4293
201
939
170
9509
6408
452
757
3233
7719
3743
931
3259
9725
2951
5388
2201
2536
9218
7514
7633
3631
7136
5550
1169
2292
3022
6336
5490
6436
1590
9710
4476
6972
6019
7315
5682
9932
7403
4968
9252
3148
1681
7119
1229
7066
256
7194
4053
3400
626
1813
8230
6344
9377
8260
66
1668
7104
3320
9085
8958
1302
3995
8505
3051
7007
2200
654
9766
7716
7662
2817
2024
6320
8396
9172
5335
691
5622
9266
132
6029
1493
2088
9787
7585
428
6967
8038
9384
2447
2495
2043
5946
7870
2433
2247
1469
610
9826
7684
7924
6924
3061
5221
1108
3436
4216
2101
6584
6802
4702
5008
547
1511
9903
4007
954
2159
4972
2224
1499
1433
7058
9336
4499
1231
5196
3876
9606
5886
32
3587
5914
4389
9361
7669
9956
577
7918
1812
812
2186
7055
6638
6474
3396
8720
5117
5123
9531
5383
4531
6665
6171
6621
7913
8527
1458
7681
2436
3013
2826
6149
8871
4028
2645
4903
8083
9372
9396
3355
4693
5076
6705
8252
4461
3611
315
4096
2801
3759
7950
5441
3840
4200
2912
2611
4542
1149
4669
9484
1320
2845
1910
687
53
1078
6983
4067
7976
7031
5269
2033
6548
2629
6477
6383
3813
7166
1509
1165
381
3509
4964
967
9940
1828
2152
9639
6829
5112
720
8210
1230
9285
4740
5704
7679
2653
4871
4443
4031
2684
3683
699
25
8806
5748
9628
5552
8296
6334
6819
9378
8653
2940
8268
4983
8663
145
4076
8689
7809
6007
4493
3534
3686
6770
8293
4277
8320
6184
9096
9288
4920
2455
886
3914
5948
8711
490
6688
4529
4641
6735
971
2796
5606
1849
1440
9239
1269
8058
1606
5609
2491
8575
5904
7543
6745
4213
3064
2372
4849
5912
4717
3060
4004
974
2661
1410
8459
924
6718
7645
2833
7556
1942
9459
3068
6375
4078
1769
2287
1974
975
3643
3387
6094
9166
1784
4223
8333
4773
8309
9493
7002
3126
641
5164
6839
6848
1634
6011
1026
9112
5024
1239
2443
6507
7844
5911
1060
8144
3302
9688
2899
7225
1880
8379
6985
3409
7480
8468
6602
6823
7944
8191
3731
4093
2390
3401
4261
5871
950
5588
3565
2380
2981
4533
2637
6307
5414
5184
6060
9611
389
9616
8175
640
9511
4085
923
4727
2081
3502
5844
7794
4397
11
9408
3144
4232
8136
9204
71
4206
5352
2391
3512
1168
1643
9570
1107
4625
1334
2675
1746
6996
6760
3623
2032
5208
5146
3317
596
685
6868
1478
716
6043
1610
7332
7801
2344
2095
792
7139
2780
8300
6773
2071
5179
6861
8414
8592
6356
209
4278
2446
8898
3205
2182
1929
2120
7168
3098
8181
9648
1720
1579
3499
1111
7159
6341
1079
5468
3689
7392
5271
3247
8115
9698
5254
3357
6230
1659
6365
3979
9599
3846
8632
4593
3305
7157
652
3832
3376
2524
1392
2171
219
4788
4262
1459
8956
7049
6232
4097
5673
4098
8578
3711
6506
986
6088
3553
8966
1731
14
9739
1426
4242
5136
7822
1217
2125
5803
4582
6079
4413
7427
379
7580
8039
5200
4797
5668
9796
504
3310
2558
6814
7734
5685
3985
5065
3746
3313
473
8015
4309
2962
1377
5261
9380
6561
160
630
9933
7860
9033
9847
9298
358
2959
2474
9702
3796
2569
4473
4378
3108
9237
6147
9588
437
1976
3361
8360
9914
6188
6444
3471
7281
2425
1101
9422
7273
4180
7218
941
1135
9159
8274
5010
6091
1525
8773
1151
7958
1807
9471
9747
789
3455
2376
6311
7699
4137
2511
6510
4222
7729
7141
7727
9198
6886
7435
6721
6528
1374
3413
7603
6670
4201
8532
6765
5986
7227
9868
6109
1452
5700
8515
3039
8125
4620
172
6820
331
549
7099
9966
1758
981
3164
5121
6714
5757
3778
952
8620
7981
7262
5964
8201
9857
7954
9229
4723
9435
3238
3880
1109
9825
2860
7142
8936
4017
2280
3606
4735
1724
9464
2781
7290
1052
4421
1261
538
2466
4823
5578
5485
3287
8209
8722
1676
50
1468
1308
383
4755
5395
4375
2170
794
3685
6757
6337
1086
6675
3620
8412
622
3429
4916
5331
2379
4908
6980
7531
1307
7488
2869
6153
1047
10
2958
4842
6549
3225
9949
8030
2910
567
8516
6788
730
5901
9115
2596
2077
3246
7327
3607
2055
7998
2016
8645
8820
5055
5160
7879
920
8672
4965
151
6266
23
6929
1776
143
5412
6253
4336
7010
1447
5038
7527
6273
6235
8265
6879
7891
128
7155
1768
3988
2106
4884
5486
2494
1684
3291
8781
1473
5570
1757
3093
4405
5712
747
8118
9041
1312
150
6526
4480
9262
584
486
5488
9757
118
4195
1971
2246
2846
3928
8675
574
9267
9661
6358
9060
9012
6125
3959
1166
607
7883
3891
3103
5274
5584
8298
4622
4501
7182
3865
1814
9453
1875
4374
2694
6141
9494
6377
7481
2917
9333
8051
6176
7689
1740
1094
5516
8182
3384
245
5827
2449
6201
7338
4121
2979
929
7352
1765
7189
4329
7074
7847
3904
2838
1782
4720
2885
9850
1084
2400
9602
3706
5736
708
8463
5740
9310
9244
6986
582
8553
2300
1777
3721
2046
2586
806
8238
1841
5301
1294
7635
4199
2375
804
3772
7201
246
5549
8469
5324
6115
193
4205
9014
4969
4128
4141
5462
1641
2398
493
7667
6255
9127
1647
2828
3774
2736
7930
9965
8477
4643
8435
7896
5108
2750
19
8546
9634
9973
3236
7200
35
9193
2206
7589
8067
9754
6290
5909
9999
2283
5976
4036
5841
6112
8343
813
7190
2258
2621
5508
8222
3202
9030
9280
3288
4181
1792
6488
5996
6594
1793
9536
2696
173
8771
4646
1097
2000
5224
5446
9177
7637
4597
6211
5443
2229
2330
9540
2607
210
2005
2418
169
2702
6000
5852
851
7328
3785
9371
5985
5539
7802
4245
9407
8186
9008
6767
8045
5828
231
1024
3009
3229
3365
6905
4949
7318
7728
4855
9211
2572
1119
41
9332
746
2655
5419
5408
1363
8171
3226
6579
2976
9224
4520
2295
2066
3925
1824
5286
7219
3758
6122
6956
8297
3080
2615
5213
3516
8226
241
9161
9684
833
6008
147
6407
4442
7951
4941
6190
5580
750
226
5061
4072
7906
5405
855
2944
4062
7878
7372
6637
4980
6432
211
3549
6353
6005
3385
668
5951
8826
3648
551
1494
814
1863
625
5557
7593
7968
5325
1781
7150
5665
4002
837
7587
7312
3917
560
6350
7083
3319
5575
4805
1260
4358
7961
4219
4423
8911
1612
6830
9048
6183
6992
3658
689
4196
8127
7712
4256
4876
7376
3874
6499
2346
8738
3741
2700
9445
450
8207
64
7940
2282
8258
185
1510
1029
8307
7761
9572
6224
554
7790
6892
8520
7226
9290
458
9997
8904
1454
3712
5696
4484
5738
6900
3010
8150
2886
2225
958
1067
224
107
2807
604
516
3197
7100
1061
7184
7090
2093
5401
8765
1763
1305
1128
7848
4676
4330
7668
1569
2573
8803
1056
5203
7577
8846
2697
2467
3193
2687
8486
7553
5619
1722
4488
3885
2563
5144
5694
7680
89
7650
1483
4186
8358
6533
8422
5499
2570
6731
707
601
4724
5066
4545
8431
9249
6961
2009
4035
90
3046
5923
168
1706
1202
8263
8219
7608
7731
5749
4266
3479
2903
1235
328
8301
4043
8495
4342
5714
6749
3340
6939
1937
2667
8009
395
2722
798
3275
7130
429
8465
1719
472
3221
1179
4665
3446
9701
188
3570
3893
9276
5069
2905
1945
8453
1262
9056
1854
5023
7389
7583
7764
6331
3684
7749
8088
922
9488
7785
6739
8710
2749
9763
6448
3503
2567
4252
4000
7103
1837
3817
2401
6527
2110
9223
3160
2096
715
4721
5787
4640
239
1972
4165
4120
946
6525
2122
1136
3316
461
3532
7292
5354
9559
7559
2313
7721
6463
9450
3872
7289
9151
1288
9327
1762
8908
6373
1327
2682
2399
6893
3111
8278
9915
3850
815
6304
22
3953
8380
4429
7756
848
4561
9681
184
657
2729
8432
2407
9510
220
5936
7834
910
7070
529
1939
4380
7674
1883
7350
5320
1027
2619
7477
1267
8969
580
3421
9931
7353
8291
2127
217
2423
8326
5834
2692
6192
9575
8863
3667
7464
2990
5111
243
7214
7673
3703
6534
6652
4820
317
273
7887
3306
2158
6920
3074
103
4272
8570
1270
192
7980
17
1021
1926
3945
1472
6509
4993
332
7770
7147
6274
8680
8397
9755
8122
733
849
6661
7461
3078
3186
7554
7723
6223
7934
3580
9831
9028
1310
7146
3666
2199
1163
8217
3415
4292
6889
4507
8836
6950
9993
3969
3290
1263
6585
1710
3100
6615
5645
9897
5773
7532
2104
3615
9813
275
3616
6600
7248
4071
7334
6590
5018
8277
8382
3678
3848
2713
8891
4377
8179
6563
6038
736
7043
9705
9044
5079
2402
7039
769
7186
9520
7367
6825
8650
5491
3820
2680
3073
4324
6066
9548
1427
6398
5779
9772
6680
5291
374
4346
281
3240
7310
2791
3348
1832
916
4382
4364
4402
8805
5897
3125
1778
4819
2274
7001
6925
5891
2711
6504
8254
4157
6087
2481
3899
7380
8571
9148
511
5074
3551
9427
7471
1928
3072
4671
7431
9469
5850
8576
6454
1280
3884
9328
1764
8842
6850
1424
7545
2036
5392
762
1110
1366
1323
6519
5874
8678
6824
8617
7711
1028
7808
4591
3519
9614
1300
8762
5907
9065
7019
3952
2463
8164
5935
9689
5650
1357
7912
4594
7963
1172
8157
8802
474
308
3342
3533
3594
1923
2802
4748
4928
3120
1487
2419
7177
2290
5216
3625
5960
5105
253
3004
5683
4766
9134
9680
7948
9467
6107
4294
8501
7249
4147
3142
4979
4536
9103
8372
6309
9695
3028
4600
6492
3353
7140
2961
5529
9986
9854
5758
1853
9920
5012
3272
1537
3043
6842
1037
8394
3001
995
186
2261
4803
1625
5292
8867
8555
8892
4353
9120
5747
3153
7149
877
1500
1671
2506
4146
9055
9116
9094
3180
8991
3430
5893
8943
5752
7082
734
9122
6500
9910
157
7753
8784
6671
1749
8704
3292
9992
6310
5040
7059
5083
5298
8140
1666
6815
5789
2635
9985
5724
4861
7793
7864
9092
3067
3277
7890
7611
3656
8769
5337
7500
8664
5562
5574
2841
7293
3137
3993
2724
3042
8158
86
1411
9640
3792
9419
7885
2504
9793
8264
5041
8032
9612
5905
3177
8044
3395
5240
1213
7823
3434
8384
8354
2155
6466
8775
8027
2069
3388
6143
1048
6977
8365
9586
6185
5822
251
5085
4176
7091
3717
9222
6197
3242
5921
7356
1985
257
5223
385
2262
1559
6713
7933
9706
8643
9171
8014
2742
6931
4589
5707
7745
5882
9821
342
5176
9302
4090
4048
2468
4826
6173
858
2267
7014
5797
5838
3264
2825
9629
6446
6666
8225
4856
4626
3085
286
8335
3618
5941
5445
4046
6827
4225
2054
5043
5793
6730
677
8504
5347
1677
5020
6346
8174
8339
638
9183
2679
1164
5098
4616
2030
4623
6298
4560
7837
6837
5255
2279
2305
592
4351
2964
5381
2636
7280
4449
8717
7923
9543
4418
7065
8752
4583
1994
540
294
9646
5701
3907
248
7571
3550
1199
8658
6312
6776
8657
5475
8597
8939
2489
3379
2331
4894
8458
9987
1054
2919
9791
9622
854
6601
2618
2189
398
6810
7439
3129
421
5677
1009
8492
6062
8289
4303
8759
7955
63
991
7434
9691
5918
6025
9236
2041
783
2591
1089
4912
5784
2316
6132
7768
7718
7417
5915
4439
2074
9017
4592
1273
2012
477
7364
7799
3453
9039
4942
4117
4609
1936
6249
1575
8845
6118
6216
8739
4652
936
3561
3911
2369
8004
5398
65
6709
8056
3636
4564
9783
3492
6669
9257
384
2002
5214
6018
4472
847
3681
8581
2555
3104
7654
5881
8055
8205
2255
1661
254
20
2546
1495
5731
2438
1338
6622
2772
5664
4839
7561
2143
8337
6636
2157
3330
6202
1576
3432
1968
2508
8425
9777
4945
1332
5559
7072
4174
9830
4716
4016
4789
1538
6611
5859
968
7857
3748
4776
6126
9500
5089
3435
9074
2496
77
8719
349
9251
9518
6742
9541
9248
6478
1619
6100
4612
6195
8242
9539
5402
5139
6367
9833
4909
7224
4697
5087
152
1148
646
6295
8955
2240
2622
4882
260
5270
9899
4130
6487
1878
5805
5082
2072
5056
5889
3450
9421
6793
3990
3938
6556
9190
2575
6403
3592
3460
7792
4263
5730
8870
8073
9399
7979
6121
7263
1581
8595
9649
1533
5561
7765
6508
2341
2666
5192
4944
33
1428
5719
4778
8007
3131
966
8878
2581
3864
714
7698
4691
8938
6896
5266
4124
2640
6156
1791
7252
9984
4150
8110
9922
9452
5500
8378
3006
5469
5688
2366
4279
5204
2035
8844
4618
9730
7983
6193
6427
9152
9368
6326
3032
3470
3442
8259
6363
7931
3573
9530
1053
2047
781
3595
6445
7984
3882
4982
1833
2486
6557
4505
3023
9525
4169
4317
3871
2448
5242
8211
497
47
7916
6037
5847
2493
3458
4123
8982
2209
60
360
114
8730
3664
2256
3776
8880
3612
9305
9627
9125
2488
9669
4445
621
3956
7692
8159
5814
8141
8208
8587
8290
8794
1851
7738
5926
1193
3593
1600
3182
5019
9797
7267
7903
8253
8990
2748
8861
6758
588
7651
7511
8888
3265
7576
2740
8651
9753
1887
717
1044
7938
9751
9776
9136
3101
9926
3143
2060
7939
2103
4675
7771
7042
2525
7188
5276
8914
4284
5989
5321
3773
42
6503
3475
9873
8132
9270
420
4059
9870
9731
1471
810
3195
1840
4033
1178
2844
4865
95
3155
4510
3939
100
1998
8177
8239
9098
2221
5675
4508
9433
8
779
764
2298
7080
543
5966
3619
9240
2916
8424
5353
632
8369
8814
9902
3910
5114
5218
4327
4781
5187
9049
9748
9728
7646
426
9885
5829
3218
842
8699
7962
7319
9258
2992
9395
2928
5265
8035
2389
1894
9737
4154
3036
56
9733
6378
8749
9638
1623
2196
643
2945
49
4901
1631
5222
1644
796
5163
3584
5766
9545
1436
8868
5999
162
4049
6751
8079
9337
6782
8287
6570
59
8250
6593
3887
8977
7274
8671
6863
876
3296
9176
2310
8102
3999
4385
7008
2765
2270
973
5879
9070
1862
6559
4355
2259
6545
3733
1574
1925
1194
2051
1774
1005
2688
7128
5942
4338
4987
1129
7989
2269
301
9875
7300
2128
9110
7842
5417
3603
1952
4840
6199
2284
3062
6431
1978
6439
1030
3836
8493
1918
7929
9557
6493
4406
1337
3960
7277
2148
2422
7610
113
4551
164
5289
1654
6117
7399
2022
8525
6209
6339
2754
1801
2483
5311
6371
5394
5892
2952
7344
101
1713
9524
3858
8994
9216
4504
5119
2227
1701
4441
4177
535
9601
5903
182
3545
4934
7101
5922
9901
7030
8445
2079
4753
1180
6609
1291
3105
7683
8295
2278
1611
2197
884
7779
9759
4579
1903
5556
4833
5081
5690
3166
144
8267
6054
1847
5442
8660
9086
5421
6693
5211
9675
5366
8633
7448
963
9636
2112
9670
7021
2499
6384
3094
5741
7810
4145
4535
834
4639
9355
1980
9519
7113
8214
9457
7805
9911
7888
8855
5092
4633
2531
9788
6864
3543
732
7715
9293
2302
4786
252
6303
1975
1799
7767
5679
9734
5925
6906
3255
5444
1967
7859
8565
6673
9677
2243
9031
2892
5028
4459
4045
1004
8847
1025
3705
9082
6372
8195
1663
4587
9561
3077
2913
1268
6554
445
1114
8551
8772
1183
4269
9009
748
9263
3714
1811
4187
6352
6947
1007
2132
2100
9790
8569
6858
8145
3044
1747
1446
1329
9449
5191
2939
9016
9884
3465
131
8543
4891
5052
5239
3695
9317
1277
8605
961
6811
4111
903
6917
2160
9860
5220
5253
3152
1508
5593
5177
5197
4112
4678
725
8183
6490
6659
121
5821
7542
8420
1873
4749
7278
6451
6208
8270
5039
8568
7797
7115
2991
5278
4870
5824
8622
8246
5230
5975
6314
5959
2758
8804
1906
2663
8074
9027
6589
4661
9736
1356
3370
7121
4287
1127
3662
7320
3214
9072
915
6136
2437
6409
8440
357
8314
9876
2038
9271
3194
5542
5772
7687
5604
9315
2888
7746
5746
7710
4173
1144
5219
2409
9205
2299
6359
4952
3207
4068
6257
2799
3189
1944
284
8614
2832
9343
9160
9835
489
9321
1518
6860
9461
7515
1192
9758
3216
1319
9551
7012
1562
7973
6728
3940
9319
8851
3579
3282
8766
4344
7358
4971
2532
3219
1006
3038
7907
894
6761
951
7574
2510
5981
2392
6058
5503
830
3641
8695
2459
1886
9003
1596
1715
2890
1219
8232
3027
9856
7894
2593
34
326
8903
9496
4836
4750
3053
8001
6114
8626
5624
1023
4191
3888
3426
3787
9650
3970
3333
155
9996
3824
880
2706
8951
8419
2731
9587
3309
3576
6657
6024
6694
4528
7921
1407
845
608
2617
7424
278
353
878
4437
3692
5099
9144
4866
6215
2501
8989
4258
6218
441
1254
4350
8668
3867
8438
2809
130
7880
8184
7629
4880
1905
8275
9544
5374
3329
4376
3307
5326
3448
5961
4771
2776
9774
5689
105
3199
1393
7336
8815
9820
5753
1737
8415
8245
4301
7428
6438
9663
573
7246
5977
6065
6098
4275
3050
377
9442
4257
498
694
7597
896
8040
4118
3069
3449
3962
8357
9489
4487
1243
4868
978
1131
3168
7285
3825
2574
2590
4818
1125
3504
9767
6975
7283
6835
2013
9455
4494
8497
4808
578
3687
8590
405
2191
3008
6028
6351
7982
3629
7272
9192
8945
4289
2909
9937
550
9651
4525
4100
5248
1771
2966
6883
5183
1752
1950
3071
4430
4793
4366
5658
5734
1466
2727
2374
9025
9020
7494
4233
1449
9501
2853
3861
7256
4471
4106
6999
2500
2788
4450
4478
7815
1996
7626
8401
3946
6885
8090
8640
656
5774
4617
3076
4905
8682
5310
4615
570
2523
6686
3494
2473
4663
9775
4922
4328
7572
5994
4236
9671
4290
4711
6707
4131
4559
7502
1900
175
3263
8935
7153
4368
7343
345
7138
2073
7463
4885
1413
1773
7223
8433
3468
9600
1074
3220
1155
1150
5175
5110
3157
977
4858
3902
5576
3295
6697
8117
603
4926
6247
94
7035
6321
7709
5103
7208
5589
8472
5460
8146
6217
908
4658
2605
1708
2461
2762
829
9404
2357
2719
3921
249
933
4477
6415
6319
7988
5878
9974
1962
3967
2588
1829
8636
6624
6763
979
4695
7156
5228
5613
3345
6258
3783
5607
3117
521
7812
676
2651
2108
5447
4956
5403
6573
8729
3810
5283
5861
3372
3977
7473
723
7204
7866
2021
4543
482
8604
7260
2931
6834
3279
4933
4996
102
207
5001
9451
3562
9080
4040
6928
3029
5120
7354
4357
1907
6786
1100
5733
4552
4065
3597
2579
1301
1626
9250
8269
2811
9712
2026
7927
40
3688
3564
1526
8905
9664
54
2795
6456
3856
5238
6020
7845
2726
9037
1717
1742
3986
6181
7251
3145
8037
6322
3127
5361
330
1152
8460
5661
3544
9930
2608
8953
2248
4069
8919
8426
4966
9950
7630
1790
7437
2355
1042
1234
8976
557
1989
6003
4139
3972
679
149
6161
3745
4694
9655
6769
5778
4889
5272
7282
667
8895
5995
5672
427
9995
2
8227
7752
8120
7493
5244
443
8787
6610
9961
7675
4431
3591
5982
2533
5880
4841
5547
1721
7040
2784
2405
2963
7636
7484
1637
6496
6287
4737
7449
6979
2812
4888
45
4791
9861
5360
8635
5258
8329
8793
3500
639
7000
3559
9968
8942
409
2165
8912
1714
3154
1909
6268
5804
139
1560
8167
7369
9879
3736
8449
5993
4601
4573
2519
5428
2257
2657
4586
6847
9978
9609
4534
2624
5699
4557
1175
8585
6073
7400
2631
6706
9503
8834
8563
6196
1382
6955
3802
9769
647
787
303
3041
2183
856
4254
8318
1146
8060
2538
7485
7892
5127
7087
1523
7993
9088
6805
4481
2323
5434
1960
2926
7595
763
8841
4190
4373
9499
8018
693
470
660
3961
2610
6874
8480
9809
136
5281
2479
2656
3968
2686
9391
9169
3030
7557
1375
8644
7602
9905
3035
6250
5967
8666
9535
4273
3480
1797
6254
2879
3585
2237
9495
7037
4502
8280
5357
7287
2487
7143
3649
7363
1271
1540
2746
4208
2604
8702
1534
8321
5346
2141
2476
3304
7216
2265
1145
3713
1893
3997
6286
9641
9846
9178
4349
8937
2681
5764
1088
6851
9440
2861
5312
1992
8598
9714
9476
8348
6468
58
6263
3905
1017
4469
6816
7029
2948
8716
5864
8154
3347
1916
1299
5048
6151
9608
74
6633
3735
3951
214
1687
5126
5873
5887
323
2042
1216
9068
4391
3055
3234
8500
7648
9878
7521
7271
1904
5457
520
242
4651
8809
6631
1557
2988
9925
6246
479
8402
6668
4347
4214
7616
5620
279
85
6370
6134
8347
2181
3718
3801
4333
348
8418
1467
4692
9155
6537
5318
897
3253
5973
9900
3371
9238
3879
6009
4660
9195
5422
9140
700
10000
5231
5709
9479
8499
8947
9653
661
5482
8005
8215
1738
1066
5603
9437
3679
2836
959
2526
2430
5157
8461
6251
7217
997
515
1622
7789
335
2747
2777
8901
1003
6662
2865
4122
9429
838
4907
4570
9101
9185
4171
5297
4457
564
8061
5063
6400
1429
7926
9552
92
9300
5252
8092
9805
9401
9927
1368
8574
2453
2880
8879
5888
1082
9182
2154
5193
7347
735
9597
5765
3932
6516
8241
343
575
8470
1380
5096
4020
8789
148
4948
4079
8322
1599
6282
8409
8204
2068
4958
9181
3926
919
8975
7655
6812
1591
4267
142
811
2214
4647
9000
5877
9583
2904
2314
9845
1275
8332
7129
356
2918
8917
2978
731
7247
7972
4997
3719
2205
7964
6399
5070
6795
8434
8064
4931
3916
6017
6699
8019
2410
7414
5059
203
4629
4801
1822
6915
3065
1014
4151
7977
9969
4784
6289
9954
285
7446
9991
9345
4167
1344
6022
7432
6206
9079
3574
4578
3700
9241
5840
5307
2718
4247
9723
1991
3481
2842
3230
624
18
1496
7884
3839
1012
469
932
8714
6471
5340
5634
3823
3040
7462
4485
8163
3066
4686
6778
1492
692
1730
3283
3740
8545
6285
7063
5316
7469
1162
6333
9147
1395
6294
9268
2505
227
2139
7162
2698
3285
6075
6417
5264
6613
4672
2451
1809
5455
1675
1835
6169
6426
1860
8533
433
4095
6904
5848
7211
9716
5581
9893
1318
3161
1984
3655
1418
8511
5493
6988
7811
1182
488
2821
8160
7165
8832
2983
7411
5035
799
1353
6220
8896
4782
8825
1836
9735
4648
8484
6647
8810
8779
3461
4704
5077
6026
4497
6248
3609
1059
2584
282
5819
1361
6067
5717
3765
2286
7064
2244
1908
5631
9283
7362
6840
8197
2431
8728
3208
5979
5957
5980
9967
3262
8363
3958
6277
5125
6064
2130
6852
7210
571
2626
7228
774
483
4925
1360
8554
3691
4657
9194
2549
1582
9844
6015
1541
4456
1315
4300
5638
4438
9274
2317
1839
5106
5296
2173
5080
8944
8317
2547
6410
2818
8706
8020
2953
4714
79
7242
9761
8218
6236
6564
1187
3457
7234
4061
9409
3676
3752
3007
7990
9707
5858
5013
1161
7061
6154
7181
664
8840
269
9573
3462
1186
9765
5132
4608
5855
1369
8876
3227
1157
1682
3613
465
3136
4424
3599
7302
4316
518
5726
2192
8725
1434
8105
1630
3115
2996
6335
4935
4585
4988
3886
4331
663
3854
7144
2543
7384
4280
2520
6908
4873
3638
4462
6862
123
2556
5940
444
5812
7936
3653
9666
6260
6547
4802
9318
4178
7688
1236
8491
6784
8767
8342
3725
1244
2806
6380
3903
7575
1502
9652
541
6175
4683
8992
3933
4624
8084
3881
8708
4194
8748
9502
4899
9226
5107
697
5541
8048
7361
3452
6453
2277
1617
7490
475
2914
2601
8391
3089
9024
8924
5345
2967
8519
5711
2829
8399
4039
1050
545
4081
4975
5777
7108
3308
1314
3895
2086
8926
775
887
237
7507
2933
9359
4853
1240
8373
6599
8137
1130
8302
606
1373
8696
4530
1343
88
4627
7803
739
9665
67
2820
4384
5058
865
3002
3738
3983
6104
1665
43
5046
1636
5502
3447
1142
3483
2004
6374
7959
5054
8411
9208
1159
4302
316
7717
2877
9295
5885
9554
935
2469
5368
5771
4701
2616
7105
2628
7911
6936
8116
1293
4588
1266
8933
1132
8758
456
5525
3034
9768
7151
347
2044
9523
5282
364
5496
464
7483
3178
6987
4088
3763
3601
925
5537
2337
9795
4886
9311
1751
8240
2785
5708
1031
2385
576
2223
6498
327
502
7187
821
300
1189
7582
2091
5693
1209
9286
1339
1673
5629
3975
2798
8648
2294
2797
8713
6497
7170
4710
206
9673
1460
8601
7942
7517
2334
2856
3451
3828
9352
8236
8123
5317
3797
9721
9143
1767
3617
5896
3439
5303
1802
5339
800
5124
1948
9892
5433
5813
8602
6551
7454
5676
338
9297
771
2949
5201
9398
8957
3572
7544
2260
2492
3680
1018
6635
3586
843
5913
1512
5759
817
8624
7625
9802
6237
6177
4565
4404
5954
7825
2947
6267
2553
3454
2339
417
283
7872
6392
956
5837
8619
6711
7750
8972
408
5418
6517
2502
786
4340
7609
4756
1080
1584
785
9167
6221
4082
634
5151
1744
8881
4569
6664
3122
1760
5458
8518
7730
4738
1864
2452
3694
5791
6935
8231
9760
8451
4198
4326
8639
3602
7388
7112
9855
5373
306
4143
5487
530
4308
8669
422
1741
3311
2377
6808
4764
2289
8108
6152
7631
7458
3552
5393
3918
6715
3827
8544
3121
3605
5016
5459
7813
5033
5722
2866
8885
7529
2867
5729
2368
1390
8915
2211
3818
9454
6084
4857
2960
1567
9106
2712
1970
5275
212
4936
4538
7499
2974
8690
7791
7588
8383
2662
8517
7565
4435
8584
5776
5437
6271
9744
2050
5933
215
5953
2322
9867
232
5212
1141
2816
678
4184
3473
1445
6308
9434
8072
2970
5245
9415
3377
8233
913
5817
4047
8960
324
505
4322
7375
8430
4848
3331
1872
8830
7221
4708
2761
9124
111
906
2319
9095
7275
6801
3806
1597
435
9170
9658
6323
9869
1416
394
7203
2023
4792
5659
7858
8188
4107
2460
5732
8629
2937
8474
2920
3336
6329
3513
1212
5554
6717
9891
6843
3558
1716
1930
9478
6588
5382
9948
3498
8731
8679
4602
6592
403
6538
2582
2311
9067
9745
3213
3635
9076
7539
1522
388
8683
743
4312
3419
990
1265
655
6376
7297
48
947
5195
9353
5798
8390
5944
9466
1672
7843
2609
423
7501
6562
387
6581
4163
8221
5916
7401
9356
2674
9975
1218
9989
8698
5637
9722
7478
1543
5751
6301
3428
5168
2333
5323
7028
1865
1248
9817
2471
8705
6923
2941
2985
293
1563
3922
4544
892
6179
5917
7324
2236
5768
3908
8229
674
5810
869
7552
5250
1532
8479
5876
9711
4631
5601
7615
1098
4234
5669
1578
2138
5167
4743
4887
7782
706
9084
3476
3760
7897
7592
5649
5610
9834
3052
7914
3610
9034
8408
5809
2810
7482
1544
2650
9807
8884
5521
2067
5823
7605
2233
4644
1842
3037
4185
2878
7286
2161
2364
2767
9828
1857
196
9374
7533
5621
9383
5198
6157
7492
6529
728
2441
863
5863
6743
9035
5770
223
8986
1255
5931
5268
7006
3980
462
2614
4155
7568
802
9603
9880
6701
7876
1391
8151
481
4775
191
9149
4371
7901
5206
4491
5504
4864
6305
4083
8780
6582
6603
2193
6296
2849
552
5174
3739
3510
6689
5257
6071
3474
8101
6736
1953
3487
7613
2064
5166
3496
4506
1843
8628
9872
1545
3338
236
2089
5849
8129
1474
9626
3224
7987
5463
898
6
9644
818
7081
7647
5456
985
4365
6882
4248
7360
7818
7092
9474
165
3260
7378
8726
2703
6513
6774
208
9980
5171
4074
2185
8021
1697
2435
8135
4474
1197
709
5478
3789
9741
3258
3352
6695
1753
844
3528
1798
8428
1912
9497
7686
8080
6231
1092
6401
5215
616
9349
7522
6629
9227
6951
7213
3511
8577
6691
1226
5305
6520
9882
6911
8930
1954
2550
1831
4654
9075
8405
2998
5826
4834
4664
9019
8450
3798
4960
1688
3228
9492
9750
6558
6059
5128
3751
167
7117
8288
4897
3568
8776
2178
1456
4218
5194
8567
6004
4319
753
857
7025
2678
5648
9006
1464
5090
2144
471
21
7161
1113
6180
29
5698
2329
1995
163
9279
8315
9243
2997
8685
8984
5362
927
1729
1787
994
4498
7385
7624
4932
4091
5319
1336
8313
6546
698
8594
9168
4684
5062
2254
4951
4362
5686
2980
7783
6930
7969
591
9693
5582
8457
3919
4075
8196
3268
3901
6424
9896
8033
8608
4042
5950
4142
4825
3212
5573
5851
2630
2124
6316
8980
4228
2819
658
2098
370
2220
8423
2336
9928
6849
1913
7854
2222
6775
1479
2690
5256
8839
8216
1669
4656
874
6123
5091
6927
1102
7877
1662
1001
1938
1443
805
1176
980
6544
2113
2723
5118
8478
368
425
4403
9130
4917
7475
2623
4156
2738
1167
4918
6416
5623
4638
3110
5002
5429
291
9199
3341
2350
4427
1177
4394
8340
8838
9700
6887
5492
4465
8677
8255
2332
3786
1711
6214
1818
9746
583
2444
4761
6678
8535
4127
3640
3024
7470
9726
9593
4832
2210
5854
4466
5750
9462
2517
1556
508
2823
3411
2725
6368
1191
9770
1931
9814
4606
9107
5952
3515
6940
5145
5656
4580
8665
3163
8822
9174
9806
4221
9635
7381
6878
5533
9001
7701
964
3158
4595
9577
4099
4765
6379
2537
1819
468
3702
76
3383
3764
5585
1359
8011
7133
7724
9720
659
8512
9091
6991
1808
4736
9287
2285
4360
397
2893
2709
9207
1800
3380
7781
5384
3031
2457
4783
6389
2507
3184
7889
1484
999
6349
3084
4251
7516
2057
6571
7075
3135
9483
3949
350
6871
2902
9420
9918
3819
8799
926
1786
7886
5481
1204
4733
5448
9050
431
411
5330
1507
727
3056
5910
3578
7581
7382
2212
6042
1077
7337
3274
8262
7233
8355
2757
3845
6238
5451
7175
3677
1241
3217
3560
1033
4393
2513
1885
914
8715
9564
3018
8069
6442
127
696
4527
4700
9265
4679
6449
5153
6354
6479
9363
5267
2646
1783
7024
7116
9842
7195
1651
9247
5050
6619
3414
2150
158
7695
1303
7045
4943
2235
4596
4021
8310
9133
7044
5369
2484
9490
6620
8502
993
5427
9812
5439
7804
8580
1346
1727
99
4772
566
296
3201
1490
2424
6458
4666
4202
8124
586
3567
826
3134
6724
2923
7261
5932
432
8095
6127
2847
4241
2048
5350
2946
5017
8194
7265
524
1613
4227
3472
6476
5796
688
7098
8768
3505
3538
9015
665
4816
4699
3485
1476
5978
4810
6821
9090
5818
5617
4352
1531
3210
7096
1515
1118
3346
7027
3963
3203
2147
2010
9749
8586
9724
1208
5406
2599
1251
1394
9114
1817
146
671
6014
9836
8932
4707
9877
9137
6997
3521
9113
965
8923
7009
1845
4984
8902
6130
1431
1281
9046
8746
6828
3293
6198
651
6919
8454
5243
8331
2633
3727
4973
8796
3924
3756
8853
4739
195
8446
8550
3627
4963
5548
2518
6719
1438
3964
3049
776
340
5988
7882
6330
6068
3070
5794
4452
5983
3842
8763
6006
7737
5053
2542
4022
6583
9322
7510
2559
5761
8367
749
8308
5737
4134
391
6875
5036
4706
5011
745
3575
6831
9738
6387
9018
9367
9277
7893
7599
9379
2583
6856
7402
9425
6369
5657
2123
921
4116
5924
7739
2039
6804
4153
238
6644
7869
9773
4239
5364
1693
1820
930
8821
5159
7621
5498
8916
3996
2927
6708
7713
6965
9468
2568
8918
1195
5338
1259
6140
138
514
9534
8906
1134
6450
1517
5754
7997
4509
1564
1154
2839
9982
1602
7178
38
537
3600
3524
6381
3149
1311
6484
6406
2644
3697
3351
1755
2760
4970
8703
2153
1506
5387
7607
1805
8345
1036
70
2097
115
9887
3804
9242
3696
3382
1735
1286
9713
962
7535
3654
1558
7821
4092
7052
2335
9566
2934
636
3529
2735
8755
1117
5767
4041
8742
1867
9289
7757
9674
9221
4051
1524
1869
6536
5538
467
7199
8482
3571
2011
93
8777
2083
6982
199
1133
6166
1122
3781
9549
6978
1008
5987
3489
705
277
7456
400
258
1170
9475
8279
1276
440
4060
6653
1228
2766
1425
751
7438
1604
116
6515
4063
8439
7126
7240
4844
3257
6345
4990
4451
501
2668
9403
2251
4992
6807
4341
6854
4962
1748
8172
9021
5209
1121
3841
4523
2859
3054
4906
1409
6780
8940
5205
9970
6725
9808
7198
454
5518
5846
1002
1861
4874
3267
882
3563
5862
6646
9981
702
1890
2643
1252
1899
51
8786
3298
5587
8066
6914
7659
7784
1794
9762
8334
2414
3966
5314
3119
1351
1408
55
5510
7564
1462
2432
9819
6081
3083
3588
416
1331
4183
4989
7396
5569
6521
5723
5568
8835
6041
7377
4953
7243
37
3784
5415
7422
6966
7450
8818
7111
1934
3251
9382
1895
6903
531
7420
7197
2881
2695
9527
7839
905
5327
9507
7220
9146
2972
3657
8634
3118
1595
9789
3397
3646
276
3800
5627
2837
1568
3173
7180
7206
6472
8049
9365
8328
4614
7966
1866
9366
2168
9292
8364
9935
883
3300
5425
5400
7601
8292
1398
984
7956
4804
5037
7387
7652
3965
6155
4337
6420
5022
2080
4260
5972
7305
5476
572
2293
868
1227
5670
1367
7295
3179
2388
266
12
7423
8910
5551
5084
9228
3488
7905
8691
5566
9623
8489
154
3407
2426
7114
7056
1096
2475
5867
7109
970
5284
1501
2296
5652
1810
9579
6405
5262
6485
6228
684
1340
9308
8974
5739
4388
2936
9400
1733
4455
2356
1041
4109
7496
4837
8778
4138
6844
7120
9785
5375
9994
5060
7617
6777
2834
1635
4977
7309
2824
780
6355
4635
4957
5927
333
6063
321
5280
6078
1650
4712
1485
1933
7341
9254
3445
2632
2062
7230
4168
1480
6226
5820
3944
8031
9908
4634
9233
5555
5097
9209
2994
9883
9335
9504
6423
7570
9929
4532
9756
2769
1588
1957
1660
1140
4023
2857
9913
4939
6948
8922
6482
177
6512
8618
9184
5943
4396
4482
6441
4291
2887
8561
4025
1664
3508
2075
2710
6182
2739
3324
1796
9370
5769
1571
5636
3248
1063
4610
866
7513
9657
5426
3626
8234
9364
8621
9230
7596
7832
9715
9145
447
7503
9526
8148
5378
4731
3192
7991
7433
5343
3427
9696
39
8386
7759
8344
6459
9369
7807
6723
7795
917
9888
1498
2361
9604
7949
2871
2851
3647
7594
770
544
2306
6813
4554
3273
5165
7491
2498
5681
6535
904
4817
9214
8351
864
6382
8087
3821
1823
8707
1298
1093
8817
7829
3140
36
1924
7657
5703
8928
3628
4649
1550
6194
6942
9260
9943
6093
8873
7349
4015
3777
1272
7528
4188
1624
2977
2116
9642
3339
3855
8981
738
4415
875
790
6172
3930
288
1437
1858
6998
9719
9862
5971
9186
6946
7560
7873
4553
2943
3000
2439
3877
9412
593
9303
6475
6922
8907
6648
8077
1674
613
496
1759
5509
835
2908
3130
6049
7567
44
1592
2167
1696
3957
73
4211
4240
5663
5666
8606
4144
2169
4411
9196
2028
4514
982
2301
2585
4070
8114
1137
4787
1520
7321
3991
1153
9326
4008
4409
872
4444
1497
7985
9538
463
870
7391
6543
6865
1279
1551
2535
9314
8417
4726
9325
1725
4483
5474
3082
4140
9979
499
8407
6783
3478
722
907
3063
1598
5229
4628
6443
228
9463
683
5744
6455
3020
9284
3114
5217
7191
244
9717
8093
5342
885
7788
3737
719
5527
9660
4463
6789
2671
5133
6532
2516
390
4399
623
3048
5643
5618
4795
8377
1076
5534
2704
1287
9354
2564
1577
3211
650
7904
9983
6754
6300
3598
6259
3868
8134
6486
1852
1826
9780
2174
1222
7407
3360
6913
9202
6036
2216
3463
9220
4271
2774
6888
7205
6252
5898
9059
761
3814
8541
5906
6960
7660
3484
5628
9458
161
9555
5632
618
553
2683
3373
7
9460
2362
1627
7970
2984
1317
3878
1491
3589
7941
7835
6139
4809
7303
3547
3323
4599
2308
3769
9709
7442
5336
4320
8476
7359
314
3729
5651
5137
7123
8583
3058
5489
4774
9058
1615
5348
265
3897
8862
6910
9592
8036
2156
2045
1347
3440
9858
8261
7308
8176
6061
3172
2930
3728
5143
3191
2353
3998
8514
3948
7430
6952
494
3187
2465
5358
8294
8894
82
2396
1350
4575
6806
7671
944
8467
2454
3812
2381
8053
2954
3974
3527
7467
4297
5546
4742
820
4619
9498
1249
7742
8223
2848
4822
2717
7244
8774
2238
2403
5376
7706
6566
1419
7314
3325
8257
1785
9799
4715
4777
9385
6845
4674
5522
5594
2551
7819
9269
873
2094
3889
1859
200
4636
8059
3581
8652
633
8795
2606
7410
6640
5407
8655
7946
1386
8008
1274
2955
7288
5762
4286
3
7714
7895
3047
8741
1055
3139
8025
4879
9342
3661
30
5845
1547
587
9977
4689
9874
7537
3517
568
1987
828
2654
6990
9704
8324
7443
5113
7620
1961
9042
9203
4492
5372
7487
8723
5140
5523
8192
7460
5646
6281
8756
9685
9047
3808
9667
2957
9569
9165
7850
1609
2874
7772
3466
8929
8393
3477
4503
378
7569
7814
4814
9610
5000
5949
3857
6240
7004
3770
1214
407
1238
8456
2534
1045
5514
1521
1370
8829
8540
6404
4662
8063
6853
2061
1965
8609
5420
9446
9963
459
2137
9201
2190
3303
6462
7486
7325
4902
1198
9375
5895
6279
8954
8909
3150
3417
2198
5263
8126
3869
836
4066
4285
3507
4690
9158
9253
4288
9392
7800
2230
6348
3710
9514
3003
4667
2082
9838
9299
6085
2989
1620
5991
2580
9357
1868
7033
509
2272
9516
4915
336
2789
3358
7871
3730
704
721
7705
1552
8649
1981
1586
9578
2164
3539
6722
4005
8889
4546
412
6272
3555
8034
5234
5273
7833
6995
5147
8807
5947
2345
7634
3870
5452
1381
1949
4930
1879
8057
7612
4268
1530
6411
1412
1917
7440
4913
2003
9154
9108
4670
7394
8385
895
4763
4555
4410
8875
695
6460
3822
5807
1969
8764
8443
8750
6092
5356
3276
382
816
1081
7828
7192
2134
1016
2884
4132
1430
7339
7676
561
9264
7840
1488
5115
5697
8178
9637
9792
682
4890
255
1593
3851
4830
3805
9512
6605
7086
7763
202
8615
4955
4621
6225
1745
6753
2929
1296
6748
4215
4372
6870
8475
2228
7222
3537
6684
8857
9011
8281
5691
7978
3761
6391
3582
8026
6916
6386
506
1404
2831
8376
9320
7167
3815
1200
4334
4896
2594
7301
8043
5644
2707
7415
8085
6293
5830
3239
871
6586
4730
1652
7209
5495
9406
2895
6191
6174
4475
8119
1896
2863
8858
3328
4991
3394
7047
1736
859
8266
9138
1453
2342
2592
6077
1646
2408
5006
581
7614
5536
6552
9491
9064
2315
4937
5856
5235
1983
3807
3859
7316
4055
1977
7551
9562
4407
7374
2783
1943
4398
1850
6539
3557
5755
234
2383
8306
2049
8952
1073
3097
7426
8244
3883
6163
197
759
9306
642
413
3734
6857
8801
4986
3909
352
8325
3174
9038
1032
2600
4307
8285
4414
5051
7663
539
24
8042
7472
7368
8065
5210
6726
609
1921
305
6932
7540
6306
4734
6577
4632
5507
3624
5899
1158
7476
4018
4029
5461
7690
8557
7740
7193
2969
2386
1901
3017
4911
451
9934
9921
4807
3632
6030
3424
7053
225
6741
4827
2203
4420
6575
6142
1529
4883
6531
534
8312
2815
354
5100
1589
8757
2040
9329
8588
1354
5630
7952
8920
8350
9313
3410
8243
2641
8282
3209
2509
9528
7413
6144
6974
9839
4999
1043
5713
487
106
4677
4978
8200
8381
6219
3196
3266
6265
9848
9414
7269
5390
7050
9581
5389
7393
3109
7164
8611
4464
3775
6685
8791
7232
7908
3672
2730
4752
8130
8859
4869
4306
3698
7741
3838
178
4967
5454
8276
4709
5872
6239
3011
4703
5287
1225
3170
6580
5134
934
4567
3412
1106
8104
3381
772
4757
3322
5799
1376
9081
3123
7250
9381
434
7404
4479
1982
6119
9175
9889
3894
3363
2872
6244
9431
7215
628
108
4815
439
4383
2854
3223
5930
1653
1156
1124
334
5057
5958
1712
2217
6464
1504
5367
7899
8811
4345
6102
6541
9708
5605
6901
2273
1115
7453
5173
662
507
2359
5152
6654
3321
3188
2708
7796
2790
9436
8213
7425
7512
309
9338
8389
9784
8837
9128
4974
6270
8925
110
5788
5962
8797
6732
8509
8452
401
7005
8494
9438
9843
4767
8436
1399
1046
2669
1656
1535
2234
7457
3898
1306
179
2140
31
7152
9022
183
4516
4846
3314
5614
8272
2250
5868
8029
7264
2864
5974
2149
7479
6899
7235
987
366
6297
4813
1718
9852
528
372
9123
1915
8247
9532
2676
365
1205
6934
5667
5341
1986
7579
8199
5965
8448
2145
8362
7642
7549
7317
2705
1309
8798
1313
3754
7258
7665
8591
5635
3982
8068
2602
972
3890
937
1941
2429
4892
8464
373
4237
3254
5615
2565
4598
9023
3723
3788
2659
3923
2059
1085
1010
7898
280
259
3927
637
3124
4563
4581
2634
7032
6766
6522
7653
6189
2326
7846
2053
3416
5226
1058
8850
3826
5902
6838
6612
4540
2950
5464
2107
2922
187
1112
6968
653
7733
1138
8813
5653
1628
1400
2485
4923
3795
2114
4682
6616
5416
2378
8824
4521
9278
7276
1206
9598
8421
8356
4220
2589
6164
436
900
290
2999
2215
9077
2413
4381
6340
6313
9235
8718
777
6046
96
8152
7016
8630
3523
7694
4847
5450
8107
6973
5612
5473
7678
5131
712
1378
2779
3762
7786
8610
7641
726
4496
2595
823
3506
2786
7408
6712
3112
7436
7015
3803
1780
2968
9206
7643
1702
1461
240
5875
6385
9550
2627
8559
6324
3766
1402
3402
9668
8522
4929
1750
7125
8523
2007
942
6891
7852
2716
5068
2118
6687
4762
1264
6542
3830
3243
2382
7236
1242
3021
8338
1290
7947
2456
3235
4828
341
9924
1087
8971
8662
2162
9482
4003
375
26
2218
6625
713
2365
3012
5104
7672
1756
2613
8228
6053
5309
4149
9105
8987
852
4688
5532
3690
3501
7861
3935
8647
9618
5003
7366
8173
1649
6245
9389
3934
7862
7762
3087
4659
9304
4513
2805
5611
5956
7365
1072
1450
2771
9919
1442
6696
8681
9912
5189
3289
3045
5692
2179
1608
6135
8712
3312
2363
6682
7928
1233
4311
2420
2652
3464
1816
9837
9952
1884
1185
3943
6867
9619
9200
3368
1846
5015
6836
9542
7505
1379
3833
7034
7658
673
4152
998
7331
2242
5602
9447
2571
9481
7041
9093
6576
7169
9188
2352
8607
6419
430
6089
1527
5025
3811
8012
6096
5939
1973
517
6055
840
8552
8473
9234
6413
7943
9605
1709
5440
8490
1
4113
1691
3350
5260
7048
3669
6461
1190
7623
5075
3630
2664
141
4064
7245
2906
7106
2756
1956
5432
2658
6168
3354
3091
4548
2699
8485
4760
8913
5293
3146
6918
9032
3652
992
5786
8965
4824
1678
1364
7026
351
6057
5678
9071
7909
2794
615
3732
449
8993
8596
3495
6797
8082
9104
4995
6650
1700
955
7523
216
4103
9742
8017
7563
1881
8483
7708
8462
2349
3707
2850
6872
3375
2995
5453
6234
250
6744
2219
7089
2266
6674
3530
9678
4584
7131
2921
3491
8734
9998
4446
1877
8091
205
3420
8131
7311
5072
2472
9215
5385
6524
6074
2813
2394
4175
2373
5333
3102
7619
3113
1035
2416
1297
5391
8303
7097
3971
9330
2052
6618
3525
3335
3231
7118
8170
2901
4037
1201
4655
773
1997
4872
8654
9126
4024
9906
1988
758
3614
1570
4806
742
6792
6560
2271
5396
2956
6045
4642
9339
213
4343
1870
4299
8865
6440
2889
1223
9102
4231
2111
620
4014
6568
3181
6884
8697
5161
8496
1160
5839
6762
3167
839
2521
9261
8374
109
8106
1919
5431
4747
9620
5294
4603
724
5725
6672
6649
4653
6203
5579
7670
359
8549
2649
2987
9164
424
6989
8744
8962
1289
438
9565
1383
911
4207
5832
6160
7296
3941
8054
4547
8542
5308
1143
9043
6565
8052
1034
3261
2078
809
5067
740
3931
7268
4961
2942
268
8968
1147
3026
1761
171
2264
8782
8948
4114
1703
4758
304
6740
5544
9505
4425
8481
8024
4790
7725
7379
3942
5236
3670
1083
2249
4518
3794
4182
6909
3349
9953
6291
8336
7760
8785
5642
1754
7967
1352
8028
1964
8193
4197
6032
6412
1645
3271
5831
6434
1355
4524
5380
6873
6016
7831
5816
3366
6465
2514
5227
3518
6012
5567
2058
9309
1348
2552
2232
2778
1695
3569
867
124
4359
7237
6855
1435
1897
4745
6574
8659
4363
9632
8534
9117
1247
2743
8788
5477
666
9764
2665
4401
7875
7229
9390
8950
9347
2281
3520
2577
362
1519
2202
3906
5934
9613
7632
8198
2239
318
5170
8078
5728
4854
1856
27
9818
7124
9506
6165
4698
4947
9580
6938
3486
6833
6422
2397
7707
3364
760
9397
5467
8249
3138
2597
9448
6070
3344
7172
6491
3107
2732
5470
8684
3835
8094
5894
3497
7207
3128
7856
2458
2307
1605
8692
1104
310
2318
8143
8387
2891
6645
960
6958
1420
6178
233
9959
4829
519
7465
3726
1889
4428
7231
4566
1173
7145
569
3535
6791
4680
1565
9100
2768
7013
181
4148
8147
2587
3241
5071
7088
453
4356
1827
6846
3642
3359
9718
3548
5945
9909
7068
8641
1704
879
2275
1699
6052
4298
4179
9990
9853
7509
476
9473
5355
6148
8316
5836
988
7134
9187
4011
6292
180
832
8437
5180
5155
2119
9732
1549
8854
9647
4447
5900
9069
4796
5702
4577
4009
87
1258
9245
675
3482
4129
7135
8286
1999
6101
8444
2721
495
4759
7874
1345
4604
8612
2027
7355
7726
767
6241
755
5049
6388
1322
3929
7524
8403
3556
5833
2450
822
3608
7342
7932
1940
7071
4893
5535
8256
4386
6108
485
6954
274
9621
7732
8521
2883
3200
322
5225
5997
7304
7826
6747
2084
9800
5687
5783
928
9811
8623
7069
4770
1250
9272
329
2548
5705
8248
6010
1548
4102
6495
1489
2187
9851
8964
8251
2554
4637
7306
9676
218
5890
7975
4339
7945
909
2428
4318
7398
5563
6131
9465
4354
5530
6733
1396
1698
5626
7445
6841
7148
3245
8599
6080
8526
9859
542
9615
6397
9350
7656
4253
8694
7590
247
8970
3716
808
8812
4203
5141
7703
1384
8790
1732
3633
7769
2175
7412
3987
4668
393
5122
1728
976
1362
2412
6393
1639
8642
8961
9560
9341
6150
1566
7307
5295
6051
2529
5660
9960
2803
5397
3531
9294
6716
2288
701
5592
4985
1821
5031
5543
1304
8566
9
9521
3256
3742
2603
6514
7406
4460
3343
7974
6738
7736
2993
1444
4862
4515
5233
9057
4924
8050
6502
6302
5027
9487
6146
5795
5597
5302
1465
6817
9432
6076
9624
7474
7902
1335
7992
1116
91
6984
6256
8735
7863
4511
2312
6414
