99978
99968
99963
99953
99934
99875
99867
99858
99856
99854
99849
99844
99842
99822
99804
99801
99786
99777
99774
99772
99759
99753
99745
99740
99739
99733
99732
99724
99712
99709
99708
99706
99699
99691
99691
99678
99671
99668
99660
99634
99628
99627
99613
99613
99608
99602
99599
99568
99563
99553
99533
99530
99519
99511
99507
99494
99492
99484
99482
99463
99461
99456
99442
99441
99422
99421
99373
99353
99315
99312
99286
99209
99174
99166
99152
99151
99142
99120
99120
99118
99109
99108
99103
99100
99098
99096
99070
99069
99061
99028
99026
98992
98990
98989
98966
98965
98962
98957
98953
98926
98916
98914
98892
98882
98880
98878
98861
98856
98850
98849
98848
98834
98828
98824
98819
98817
98801
98800
98787
98777
98765
98756
98741
98722
98711
98709
98708
98693
98676
98667
98666
98664
98663
98654
98638
98631
98588
98577
98575
98568
98550
98540
98526
98498
98497
98489
98481
98470
98468
98458
98456
98454
98444
98422
98420
98395
98389
98386
98377
98374
98364
98340
98336
98318
98317
98307
98305
98297
98271
98245
98229
98224
98219
98218
98218
98199
98187
98170
98139
98132
98130
98123
98115
98113
98085
98083
98052
98035
98030
98025
98016
98011
98002
97974
97973
97969
97968
97940
97935
97913
97896
97871
97864
97863
97863
97850
97849
97821
97812
97812
97806
97803
97798
97787
97781
97781
97766
97756
97739
97730
97711
97686
97661
97660
97648
97638
97620
97603
97599
97576
97576
97571
97531
97529
97515
97505
97488
97483
97477
97468
97461
97446
97440
97432
97426
97420
97418
97406
97395
97394
97389
97376
97375
97357
97350
97338
97323
97318
97318
97299
97298
97283
97266
97259
97256
97249
97246
97244
97240
97236
97216
97207
97197
97197
97192
97160
97148
97140
97137
97135
97119
97112
97107
97100
97082
97045
97030
97023
97022
97018
97014
97012
97010
97001
97001
96989
96945
96941
96929
96906
96898
96896
96866
96866
96828
96806
96790
96781
96769
96751
96727
96712
96703
96690
96682
96656
96651
96634
96624
96618
96609
96598
96597
96590
96589
96573
96556
96550
96538
96503
96496
96493
96493
96491
96485
96459
96448
96446
96446
96444
96442
96415
96410
96371
96368
96363
96359
96322
96320
96315
96310
96307
96305
96299
96299
96296
96294
96293
96289
96286
96280
96264
96263
96257
96255
96213
96211
96205
96199
96194
96188
96175
96155
96154
96153
96146
96141
96136
96110
96110
96100
96086
96085
96079
96063
96058
96045
96038
96028
96026
96011
96000
95996
95994
95992
95979
95976
95947
95944
95930
95912
95902
95901
95900
95880
95879
95861
95851
95849
95847
95838
95828
95820
95807
95807
95806
95803
95795
95795
95792
95779
95772
95766
95722
95720
95694
95678
95677
95665
95662
95656
95654
95627
95623
95608
95599
95597
95576
95564
95561
95561
95553
95544
95518
95501
95497
95475
95464
95460
95457
95453
95448
95446
95445
95442
95441
95441
95415
95407
95398
95397
95391
95359
95358
95344
95340
95320
95319
95318
95316
95294
95293
95265
95265
95261
95255
95248
95212
95206
95191
95190
95189
95184
95181
95181
95167
95151
95148
95130
95101
95092
95077
95070
95055
95055
95049
95024
95022
95014
94983
94982
94967
94954
94951
94951
94943
94931
94912
94912
94909
94901
94900
94884
94881
94865
94861
94849
94837
94836
94827
94809
94808
94803
94779
94779
94763
94758
94757
94749
94749
94732
94719
94692
94690
94684
94676
94674
94673
94661
94648
94644
94630
94625
94625
94619
94612
94593
94592
94590
94575
94572
94565
94563
94481
94473
94470
94469
94466
94463
94460
94435
94430
94420
94411
94390
94385
94373
94348
94344
94315
94308
94304
94255
94254
94230
94226
94220
94215
94212
94192
94170
94168
94167
94166
94160
94143
94124
94098
94087
94071
94061
94061
94050
94041
94025
94022
94000
93998
93976
93974
93970
93967
93966
93950
93950
93946
93942
93942
93903
93893
93892
93874
93867
93853
93844
93833
93828
93825
93806
93797
93789
93778
93771
93770
93768
93767
93751
93750
93729
93720
93699
93667
93665
93656
93647
93643
93638
93630
93629
93628
93628
93609
93600
93598
93582
93570
93563
93557
93550
93539
93537
93519
93515
93511
93504
93495
93475
93473
93469
93469
93458
93452
93452
93432
93432
93426
93421
93419
93394
93368
93368
93359
93351
93350
93349
93344
93342
93336
93329
93328
93328
93325
93301
93281
93280
93262
93250
93242
93226
93226
93223
93211
93200
93186
93182
93176
93174
93163
93160
93129
93104
93104
93089
93079
93037
93026
93011
93003
92995
92976
92970
92955
92949
92948
92948
92943
92939
92935
92926
92922
92899
92863
92862
92857
92849
92849
92845
92836
92832
92825
92825
92819
92810
92802
92798
92794
92765
92761
92756
92731
92710
92708
92702
92702
92701
92693
92691
92647
92644
92641
92640
92624
92596
92593
92593
92592
92586
92575
92566
92561
92551
92541
92524
92508
92501
92478
92458
92458
92435
92429
92422
92421
92420
92420
92419
92414
92379
92378
92371
92365
92361
92357
92352
92342
92332
92319
92313
92308
92291
92289
92259
92258
92254
92241
92234
92229
92228
92223
92213
92213
92212
92194
92194
92192
92191
92188
92173
92170
92154
92150
92143
92139
92138
92106
92094
92071
92071
92068
92059
92058
92053
92047
92041
92038
92036
92028
91989
91980
91972
91969
91962
91958
91956
91948
91943
91942
91936
91894
91889
91868
91859
91849
91848
91840
91832
91829
91827
91820
91811
91810
91802
91775
91761
91745
91741
91730
91729
91720
91717
91695
91685
91676
91656
91646
91638
91619
91616
91615
91610
91595
91577
91562
91552
91551
91544
91533
91504
91494
91487
91475
91473
91465
91451
91446
91443
91436
91419
91408
91402
91386
91385
91355
91347
91338
91333
91329
91324
91303
91301
91295
91286
91282
91277
91270
91247
91231
91203
91199
91196
91187
91185
91180
91170
91157
91157
91155
91117
91110
91106
91102
91095
91083
91070
91064
91050
91036
91032
91024
91018
91010
91009
91005
91003
90993
90987
90985
90970
90968
90962
90949
90943
90922
90909
90907
90900
90898
90896
90893
90869
90854
90843
90841
90840
90827
90822
90817
90796
90795
90793
90793
90751
90749
90734
90714
90709
90709
90699
90671
90657
90643
90642
90641
90636
90632
90627
90618
90607
90604
90601
90598
90598
90583
90576
90575
90570
90560
90557
90552
90544
90512
90508
90504
90492
90481
90475
90472
90465
90465
90461
90453
90444
90444
90439
90398
90395
90382
90376
90367
90356
90351
90346
90327
90321
90320
90317
90309
90305
90294
90294
90280
90268
90264
90250
90248
90237
90237
90236
90223
90201
90174
90166
90165
90155
90148
90139
90129
90129
90120
90110
90105
90089
90065
90062
90054
90041
90033
90019
90017
90000
90000
89990
89985
89983
89975
89971
89970
89955
89954
89948
89947
89947
89947
89944
89931
89923
89915
89906
89901
89900
89893
89864
89864
89859
89856
89855
89847
89826
89819
89812
89809
89806
89804
89803
89803
89803
89790
89789
89788
89780
89778
89771
89763
89760
89758
89748
89744
89743
89733
89715
89714
89701
89698
89681
89670
89634
89627
89618
89602
89596
89595
89574
89571
89570
89567
89566
89550
89547
89546
89534
89527
89524
89517
89515
89499
89498
89484
89482
89478
89477
89460
89446
89435
89431
89425
89422
89420
89419
89417
89416
89411
89386
89361
89360
89345
89340
89335
89314
89274
89266
89255
89237
89233
89216
89191
89142
89129
89127
89108
89093
89063
89055
89044
89009
88992
88989
88984
88967
88959
88939
88938
88928
88924
88923
88906
88901
88896
88883
88861
88848
88845
88837
88823
88820
88804
88801
88796
88789
88775
88754
88749
88732
88729
88707
88694
88688
88680
88669
88640
88635
88610
88583
88580
88574
88565
88552
88529
88518
88511
88455
88454
88454
88453
88451
88435
88403
88388
88375
88371
88370
88328
88325
88312
88287
88277
88272
88271
88266
88265
88263
88258
88250
88248
88247
88234
88226
88213
88209
88208
88206
88167
88164
88146
88138
88135
88117
88084
88080
88072
88068
88061
88044
88040
88040
88039
88012
88012
88008
88003
87996
87984
87973
87963
87963
87962
87954
87950
87937
87934
87924
87920
87890
87889
87888
87876
87872
87867
87867
87865
87850
87849
87839
87836
87826
87820
87801
87789
87786
87784
87781
87746
87735
87728
87696
87675
87663
87646
87625
87620
87593
87591
87569
87562
87561
87557
87514
87506
87493
87446
87442
87441
87433
87426
87421
87414
87400
87388
87384
87338
87332
87326
87318
87295
87287
87280
87279
87273
87271
87270
87268
87259
87251
87245
87238
87229
87222
87212
87209
87192
87177
87170
87165
87133
87108
87084
87081
87080
87078
87061
87031
87024
87022
87013
87010
87006
86995
86988
86972
86971
86968
86952
86950
86944
86941
86932
86925
86922
86907
86903
86897
86893
86883
86881
86875
86827
86825
86815
86813
86785
86765
86746
86713
86711
86694
86676
86668
86659
86655
86644
86635
86606
86601
86581
86574
86550
86544
86536
86494
86493
86477
86474
86456
86450
86433
86409
86406
86385
86383
86370
86353
86341
86332
86324
86323
86322
86320
86317
86312
86285
86284
86276
86273
86260
86248
86240
86231
86215
86209
86185
86155
86135
86133
86128
86117
86105
86084
86083
86054
86029
86017
86015
86012
86009
85994
85993
85990
85982
85962
85957
85951
85929
85920
85910
85887
85886
85850
85838
85818
85817
85787
85786
85785
85782
85773
85763
85755
85753
85732
85729
85719
85715
85711
85702
85699
85696
85693
85663
85636
85629
85611
85606
85596
85586
85536
85526
85505
85485
85483
85479
85476
85469
85443
85418
85411
85407
85394
85369
85367
85360
85351
85318
85291
85283
85275
85259
85256
85255
85245
85235
85201
85201
85197
85196
85184
85172
85171
85170
85168
85161
85146
85143
85131
85126
85123
85107
85104
85099
85081
85077
85073
85062
85053
85049
85047
85044
85039
85026
85026
85018
85005
85003
84981
84977
84968
84967
84964
84960
84926
84922
84906
84901
84899
84877
84862
84816
84815
84809
84803
84797
84767
84756
84754
84742
84678
84675
84671
84652
84639
84630
84618
84610
84602
84596
84582
84581
84580
84565
84563
84554
84545
84541
84529
84529
84521
84520
84515
84508
84502
84491
84479
84468
84450
84445
84411
84390
84389
84373
84371
84363
84336
84335
84334
84326
84317
84289
84287
84285
84275
84256
84253
84243
84237
84235
84231
84213
84199
84199
84195
84191
84160
84152
84144
84115
84106
84104
84096
84088
84087
84082
84069
84064
84045
84040
84036
84031
84029
84016
84006
83981
83974
83969
83969
83946
83898
83891
83871
83863
83862
83860
83833
83823
83803
83801
83778
83771
83768
83763
83761
83730
83725
83670
83666
83651
83633
83631
83628
83611
83610
83609
83605
83598
83597
83595
83579
83574
83569
83565
83536
83530
83529
83506
83505
83499
83493
83486
83461
83454
83453
83449
83449
83446
83437
83415
83415
83389
83376
83361
83357
83356
83338
83337
83331
83330
83319
83313
83313
83298
83293
83287
83276
83276
83255
83248
83244
83212
83210
83200
83190
83168
83166
83148
83146
83138
83135
83122
83120
83113
83108
83108
83104
83103
83064
83062
83041
83023
83022
83019
83011
83008
83006
83001
83000
82984
82983
82974
82961
82955
82953
82950
82945
82939
82919
82913
82864
82863
82857
82842
82835
82830
82813
82803
82803
82799
82762
82758
82747
82745
82739
82735
82718
82708
82694
82693
82678
82663
82657
82656
82623
82622
82613
82599
82591
82587
82571
82561
82542
82538
82537
82528
82527
82526
82515
82507
82499
82492
82491
82469
82467
82434
82428
82417
82405
82400
82392
82382
82369
82369
82348
82346
82336
82309
82307
82305
82255
82251
82249
82223
82220
82203
82193
82188
82175
82159
82151
82143
82138
82135
82130
82129
82124
82105
82098
82096
82072
82071
82066
82059
82055
82045
82039
82027
82018
82005
81953
81933
81927
81927
81926
81920
81918
81917
81912
81905
81903
81900
81883
81882
81858
81825
81816
81816
81809
81806
81805
81800
81796
81789
81772
81756
81743
81740
81714
81709
81707
81705
81698
81691
81677
81669
81621
81609
81606
81605
81588
81585
81581
81533
81525
81519
81500
81432
81415
81414
81413
81412
81400
81393
81385
81343
81334
81324
81321
81309
81302
81301
81293
81289
81289
81281
81276
81254
81244
81238
81233
81220
81214
81187
81186
81173
81159
81156
81153
81116
81100
81095
81076
81061
81042
81037
81016
81001
80996
80993
80988
80988
80987
80980
80963
80958
80952
80939
80932
80926
80923
80923
80919
80916
80890
80885
80870
80852
80846
80836
80834
80821
80803
80793
80790
80780
80761
80737
80718
80710
80700
80677
80669
80662
80656
80650
80637
80637
80615
80590
80524
80520
80519
80517
80515
80507
80501
80467
80466
80461
80451
80448
80425
80422
80421
80414
80401
80395
80353
80331
80330
80310
80286
80276
80273
80264
80255
80253
80237
80228
80225
80211
80203
80202
80198
80178
80159
80151
80144
80136
80134
80133
80126
80124
80113
80111
80100
80086
80056
80037
80035
80017
80002
79995
79989
79987
79984
79967
79964
79964
79950
79947
79939
79912
79911
79907
79906
79897
79873
79868
79867
79856
79849
79849
79843
79842
79836
79824
79812
79799
79798
79797
79788
79782
79782
79761
79731
79728
79679
79673
79671
79664
79649
79630
79611
79607
79600
79594
79582
79582
79577
79558
79558
79530
79529
79521
79503
79495
79488
79477
79467
79452
79430
79428
79426
79421
79417
79405
79404
79395
79386
79365
79332
79303
79285
79275
79272
79269
79268
79267
79264
79251
79249
79240
79237
79224
79220
79217
79214
79208
79205
79193
79183
79158
79129
79126
79117
79112
79103
79097
79088
79075
79071
79056
79054
79052
79052
79052
79044
79041
79038
79024
79022
79016
79011
79010
79007
79003
78990
78984
78905
78902
78886
78879
78852
78852
78845
78840
78833
78808
78790
78777
78774
78756
78750
78744
78739
78719
78704
78688
78685
78683
78679
78668
78649
78647
78644
78633
78632
78631
78618
78589
78580
78564
78562
78561
78524
78517
78501
78499
78496
78488
78484
78484
78481
78480
78473
78467
78465
78455
78454
78445
78438
78433
78424
78416
78413
78413
78408
78369
78368
78367
78356
78339
78305
78303
78258
78257
78243
78232
78221
78204
78142
78141
78131
78113
78103
78095
78065
78065
78055
78051
78014
78008
77991
77955
77902
77875
77867
77861
77860
77857
77855
77853
77851
77822
77804
77791
77790
77787
77782
77779
77763
77756
77756
77747
77738
77719
77697
77677
77674
77671
77664
77649
77646
77640
77628
77620
77584
77580
77557
77544
77532
77526
77521
77509
77508
77466
77449
77447
77445
77421
77415
77406
77380
77373
77349
77346
77346
77324
77322
77305
77296
77289
77281
77265
77248
77244
77211
77199
77198
77190
77187
77180
77177
77171
77157
77150
77150
77146
77141
77127
77121
77114
77113
77109
77090
77067
77057
77052
77043
77036
77017
77014
77011
76991
76972
76963
76962
76956
76955
76951
76935
76926
76900
76889
76881
76880
76852
76845
76818
76806
76800
76791
76783
76783
76774
76772
76763
76762
76719
76715
76706
76703
76661
76642
76621
76618
76617
76590
76586
76580
76579
76574
76574
76561
76559
76553
76547
76545
76534
76520
76512
76511
76503
76478
76476
76467
76463
76425
76411
76406
76405
76396
76386
76371
76370
76362
76351
76342
76337
76312
76257
76255
76254
76253
76245
76236
76232
76225
76223
76219
76212
76206
76194
76191
76184
76173
76170
76169
76164
76158
76157
76149
76143
76134
76126
76121
76111
76095
76093
76088
76072
76065
76052
76036
76034
76010
76009
76007
75981
75969
75966
75932
75924
75916
75901
75900
75883
75878
75848
75831
75830
75796
75791
75785
75775
75754
75753
75727
75718
75717
75715
75670
75665
75661
75659
75651
75650
75649
75623
75606
75582
75581
75573
75567
75559
75556
75540
75539
75512
75511
75506
75500
75486
75478
75467
75461
75452
75451
75442
75437
75426
75423
75408
75406
75401
75397
75396
75394
75390
75382
75382
75380
75374
75358
75353
75348
75345
75336
75326
75294
75278
75274
75257
75247
75237
75214
75196
75194
75149
75133
75121
75114
75111
75111
75111
75079
75070
75044
75033
75027
75025
75017
75001
74994
74988
74987
74976
74958
74921
74912
74889
74878
74873
74868
74867
74845
74837
74823
74822
74803
74800
74798
74797
74781
74777
74764
74744
74744
74719
74708
74705
74703
74693
74646
74636
74569
74558
74558
74555
74552
74549
74548
74534
74533
74525
74519
74506
74494
74492
74491
74484
74437
74436
74432
74430
74428
74425
74410
74397
74384
74381
74379
74369
74367
74358
74353
74342
74319
74306
74297
74290
74284
74281
74280
74280
74271
74255
74239
74234
74222
74207
74199
74198
74197
74195
74195
74188
74178
74177
74155
74153
74151
74146
74146
74144
74142
74129
74103
74102
74097
74092
74082
74081
74062
74057
74056
74053
74052
74045
74043
74028
74024
74018
74008
74001
73983
73977
73976
73955
73946
73932
73930
73922
73909
73893
73886
73835
73811
73806
73801
73800
73796
73788
73781
73779
73773
73767
73766
73761
73738
73721
73711
73688
73681
73680
73670
73661
73646
73640
73639
73639
73633
73628
73618
73591
73586
73570
73565
73560
73541
73500
73499
73496
73491
73489
73484
73475
73451
73449
73436
73417
73403
73398
73393
73378
73367
73365
73357
73317
73313
73276
73274
73273
73251
73250
73250
73233
73224
73221
73206
73199
73199
73189
73186
73177
73176
73171
73170
73161
73159
73140
73121
73092
73092
73088
73085
73051
73037
73032
73008
73005
72989
72989
72979
72969
72963
72950
72945
72927
72919
72909
72907
72902
72866
72865
72861
72856
72831
72823
72822
72817
72800
72797
72783
72730
72724
72714
72695
72685
72678
72676
72672
72666
72648
72646
72646
72644
72630
72613
72604
72600
72595
72595
72573
72562
72539
72535
72533
72518
72513
72497
72495
72466
72454
72454
72450
72448
72443
72437
72419
72416
72416
72413
72388
72382
72371
72353
72346
72345
72342
72340
72322
72320
72313
72307
72297
72281
72235
72223
72179
72178
72158
72139
72133
72104
72099
72093
72092
72087
72081
72069
72069
72068
72051
72041
72031
72030
72029
72025
72016
72006
71999
71997
71990
71984
71969
71964
71956
71942
71925
71916
71900
71888
71864
71860
71820
71815
71793
71790
71773
71765
71764
71754
71753
71751
71749
71736
71735
71733
71732
71726
71705
71678
71662
71658
71651
71650
71649
71648
71646
71637
71635
71626
71619
71587
71586
71584
71562
71542
71526
71517
71492
71473
71456
71456
71440
71437
71426
71392
71391
71389
71371
71370
71365
71353
71351
71330
71327
71324
71303
71294
71294
71258
71236
71213
71203
71188
71185
71179
71177
71176
71166
71114
71103
71100
71090
71090
71067
71065
71064
71059
71052
71050
71044
71035
71033
71008
71002
70998
70998
70990
70974
70964
70963
70959
70946
70941
70925
70912
70870
70864
70859
70843
70826
70824
70813
70798
70776
70770
70765
70701
70691
70683
70683
70673
70671
70667
70665
70647
70641
70623
70620
70620
70619
70615
70599
70576
70548
70534
70524
70505
70494
70492
70460
70458
70447
70437
70432
70432
70430
70418
70418
70406
70406
70391
70371
70367
70367
70361
70360
70356
70348
70345
70344
70313
70279
70272
70266
70265
70254
70238
70232
70224
70218
70216
70212
70190
70184
70181
70174
70172
70172
70167
70149
70146
70146
70139
70132
70120
70119
70111
70108
70097
70079
70079
70059
70056
70046
70037
70007
70000
69987
69984
69980
69972
69969
69957
69956
69925
69921
69917
69897
69896
69892
69886
69879
69865
69836
69823
69820
69806
69802
69796
69789
69787
69780
69773
69768
69756
69737
69726
69723
69720
69705
69699
69694
69683
69683
69681
69657
69631
69619
69604
69597
69596
69572
69568
69552
69550
69527
69490
69484
69480
69474
69438
69430
69403
69401
69397
69383
69382
69375
69333
69319
69318
69296
69293
69266
69257
69246
69242
69236
69217
69215
69207
69144
69126
69120
69119
69117
69115
69110
69099
69089
69074
69073
69055
69055
69053
69049
69043
69038
69033
69000
68993
68989
68987
68957
68940
68929
68929
68898
68892
68876
68874
68856
68820
68818
68814
68812
68807
68797
68780
68774
68766
68765
68764
68764
68756
68755
68749
68747
68732
68698
68687
68662
68659
68649
68623
68605
68605
68585
68583
68576
68569
68521
68516
68510
68509
68507
68498
68498
68486
68480
68475
68471
68463
68450
68423
68419
68414
68406
68402
68401
68392
68386
68385
68375
68372
68343
68316
68316
68303
68302
68292
68291
68281
68263
68261
68261
68258
68255
68244
68242
68242
68227
68210
68201
68187
68182
68178
68172
68165
68149
68135
68113
68112
68108
68102
68095
68092
68083
68080
68072
68068
68052
68042
68026
67997
67936
67927
67919
67915
67901
67889
67888
67879
67877
67876
67875
67874
67870
67820
67786
67782
67761
67758
67747
67746
67743
67739
67735
67735
67731
67727
67714
67712
67709
67709
67705
67698
67683
67668
67649
67629
67610
67597
67590
67583
67576
67572
67566
67562
67544
67537
67535
67532
67530
67525
67521
67516
67509
67507
67507
67501
67499
67486
67486
67483
67482
67480
67474
67473
67461
67453
67449
67447
67440
67438
67429
67413
67409
67401
67397
67397
67397
67390
67371
67369
67364
67357
67326
67312
67305
67274
67267
67258
67251
67240
67213
67209
67205
67203
67179
67175
67171
67170
67167
67164
67150
67147
67147
67147
67146
67145
67143
67133
67094
67091
67089
67077
67072
67052
67047
66972
66967
66966
66956
66943
66941
66936
66927
66903
66870
66867
66862
66858
66850
66837
66833
66807
66796
66783
66779
66756
66755
66750
66749
66746
66734
66684
66679
66673
66665
66663
66656
66655
66627
66603
66588
66585
66553
66551
66550
66546
66524
66523
66520
66517
66513
66511
66494
66485
66476
66419
66415
66407
66391
66376
66373
66372
66341
66341
66325
66322
66316
66297
66296
66274
66269
66265
66244
66237
66234
66214
66211
66207
66200
66198
66195
66190
66183
66182
66181
66180
66178
66156
66152
66141
66135
66132
66112
66095
66094
66077
66046
66035
66034
66022
66012
65992
65989
65979
65979
65958
65952
65924
65906
65897
65890
65872
65868
65867
65867
65867
65864
65864
65860
65841
65837
65833
65833
65825
65824
65814
65799
65786
65784
65778
65774
65773
65763
65739
65733
65730
65727
65723
65720
65702
65697
65686
65678
65669
65658
65656
65643
65636
65579
65578
65575
65571
65549
65545
65530
65521
65508
65505
65502
65496
65484
65458
65446
65441
65433
65430
65416
65414
65412
65410
65405
65374
65363
65362
65349
65344
65332
65324
65299
65285
65284
65284
65282
65263
65257
65256
65235
65209
65192
65188
65161
65159
65151
65147
65138
65119
65106
65096
65096
65088
65086
65058
65056
65054
65053
65053
65042
65038
65036
65013
64986
64985
64954
64942
64913
64909
64890
64889
64888
64875
64855
64848
64811
64809
64805
64801
64783
64772
64764
64740
64718
64713
64706
64706
64705
64698
64696
64672
64663
64657
64651
64636
64621
64618
64610
64610
64606
64591
64589
64579
64569
64567
64567
64563
64557
64552
64551
64550
64545
64540
64499
64486
64474
64460
64437
64407
64402
64399
64390
64388
64386
64368
64366
64348
64332
64314
64293
64286
64241
64238
64237
64234
64221
64214
64213
64212
64194
64190
64189
64188
64182
64177
64127
64097
64087
64084
64080
64079
64078
64055
64047
64046
64045
64020
64018
64005
64004
63999
63999
63991
63988
63941
63938
63923
63892
63891
63878
63868
63859
63824
63809
63809
63803
63802
63799
63787
63776
63768
63753
63735
63732
63724
63724
63701
63699
63679
63678
63674
63671
63664
63662
63645
63643
63622
63617
63603
63598
63559
63528
63523
63516
63511
63508
63479
63478
63478
63462
63440
63435
63427
63423
63418
63412
63365
63361
63361
63351
63341
63317
63310
63297
63263
63240
63235
63222
63216
63184
63180
63179
63179
63178
63171
63145
63143
63125
63125
63116
63113
63096
63081
63073
63064
63053
63014
63008
63000
62987
62983
62979
62973
62969
62968
62961
62959
62958
62931
62910
62899
62898
62876
62867
62848
62846
62843
62841
62817
62804
62797
62797
62790
62781
62779
62770
62769
62765
62758
62754
62732
62703
62701
62689
62688
62687
62686
62635
62607
62607
62589
62580
62573
62571
62568
62557
62544
62538
62534
62523
62492
62479
62463
62456
62453
62436
62429
62425
62380
62378
62368
62360
62359
62338
62338
62336
62335
62329
62309
62302
62300
62285
62271
62270
62264
62254
62253
62250
62247
62240
62224
62195
62162
62157
62154
62154
62140
62114
62113
62099
62086
62037
62036
62035
62022
62021
62014
61998
61997
61988
61988
61978
61959
61938
61911
61901
61897
61882
61872
61869
61861
61848
61847
61843
61836
61826
61821
61814
61798
61796
61793
61779
61771
61758
61718
61704
61703
61701
61698
61689
61666
61646
61632
61619
61616
61607
61606
61589
61589
61577
61576
61568
61542
61524
61516
61504
61503
61498
61494
61489
61475
61457
61442
61440
61438
61434
61421
61405
61399
61398
61381
61352
61342
61336
61332
61325
61321
61315
61308
61305
61297
61292
61242
61220
61219
61195
61186
61185
61145
61132
61131
61117
61116
61113
61111
61093
61088
61076
61050
61047
61036
61018
60998
60967
60961
60955
60949
60938
60923
60919
60908
60879
60877
60875
60862
60853
60852
60849
60846
60839
60838
60825
60822
60816
60812
60779
60774
60769
60764
60763
60742
60728
60724
60708
60696
60692
60668
60666
60656
60651
60646
60644
60641
60639
60625
60625
60612
60594
60578
60575
60564
60534
60502
60481
60476
60475
60470
60439
60388
60366
60333
60331
60331
60330
60325
60321
60320
60318
60317
60314
60303
60293
60292
60286
60275
60249
60240
60231
60230
60227
60222
60199
60197
60175
60170
60153
60140
60139
60136
60120
60112
60109
60102
60101
60088
60077
60073
60070
60068
60060
60021
60018
60005
59975
59968
59964
59957
59920
59915
59892
59870
59869
59869
59860
59810
59806
59802
59798
59777
59777
59772
59756
59730
59704
59697
59696
59696
59685
59684
59680
59675
59665
59657
59652
59636
59622
59622
59622
59621
59619
59606
59605
59601
59592
59591
59586
59580
59569
59564
59543
59536
59524
59523
59510
59506
59496
59474
59469
59469
59469
59459
59458
59454
59453
59449
59431
59425
59425
59423
59411
59350
59346
59333
59332
59299
59281
59271
59257
59253
59240
59238
59231
59213
59208
59191
59183
59170
59170
59156
59156
59151
59149
59144
59134
59132
59119
59117
59114
59095
59091
59071
59071
59069
59062
59054
59032
59029
59020
58998
58992
58985
58955
58937
58915
58905
58881
58876
58876
58875
58874
58862
58854
58842
58831
58756
58753
58748
58735
58732
58727
58687
58665
58660
58656
58646
58637
58629
58604
58600
58570
58565
58564
58561
58550
58543
58540
58529
58522
58509
58469
58452
58451
58440
58440
58429
58390
58379
58368
58344
58331
58329
58323
58322
58304
58295
58283
58259
58258
58256
58246
58230
58229
58214
58189
58184
58183
58153
58141
58115
58100
58095
58070
58066
58029
58020
58015
58010
58004
57999
57988
57987
57978
57976
57975
57968
57954
57952
57950
57923
57918
57911
57906
57886
57879
57868
57834
57829
57823
57805
57799
57779
57732
57701
57691
57665
57663
57653
57623
57619
57619
57618
57618
57611
57603
57595
57594
57588
57587
57575
57573
57566
57535
57518
57511
57501
57486
57468
57463
57452
57436
57436
57431
57421
57396
57384
57379
57378
57368
57368
57341
57338
57332
57326
57324
57317
57314
57306
57300
57287
57286
57281
57280
57274
57262
57250
57245
57233
57232
57230
57222
57217
57208
57190
57189
57183
57181
57158
57147
57134
57131
57113
57112
57098
57090
57085
57085
57081
57074
57072
57061
57048
57030
57027
57021
57018
57016
57009
57002
56994
56982
56979
56976
56960
56945
56944
56940
56927
56917
56907
56890
56874
56871
56866
56860
56858
56857
56856
56850
56846
56840
56833
56831
56814
56804
56766
56749
56737
56732
56722
56701
56670
56620
56618
56598
56598
56597
56591
56585
56584
56574
56570
56567
56566
56565
56548
56541
56530
56520
56469
56466
56443
56420
56415
56387
56384
56360
56359
56351
56338
56316
56305
56273
56273
56268
56266
56254
56223
56221
56216
56196
56188
56182
56180
56172
56158
56156
56140
56137
56127
56123
56104
56095
56079
56077
56039
56029
55992
55989
55988
55971
55962
55961
55957
55953
55952
55941
55939
55929
55915
55907
55894
55878
55878
55850
55819
55807
55804
55801
55796
55781
55772
55771
55768
55755
55732
55722
55721
55716
55713
55713
55678
55669
55643
55635
55628
55621
55611
55608
55604
55601
55600
55583
55581
55580
55503
55497
55481
55476
55458
55451
55430
55429
55412
55404
55395
55390
55389
55385
55384
55367
55345
55343
55324
55307
55297
55297
55293
55271
55256
55240
55237
55236
55224
55220
55216
55210
55197
55152
55140
55137
55128
55119
55118
55107
55090
55084
55075
55070
55066
55057
55053
55053
55034
55032
55032
55004
54981
54961
54960
54959
54925
54923
54922
54911
54903
54882
54875
54869
54867
54865
54847
54844
54841
54802
54790
54780
54767
54766
54754
54746
54745
54729
54725
54716
54696
54682
54669
54668
54657
54644
54619
54618
54615
54609
54608
54592
54581
54574
54558
54554
54551
54535
54512
54506
54505
54488
54483
54434
54362
54355
54355
54354
54346
54340
54335
54334
54331
54326
54315
54315
54315
54280
54259
54246
54232
54226
54225
54222
54220
54207
54184
54183
54174
54169
54148
54133
54130
54101
54073
54042
54036
54029
54026
54023
54011
53994
53978
53977
53961
53944
53926
53916
53915
53892
53848
53842
53837
53835
53833
53807
53790
53766
53755
53747
53720
53717
53708
53707
53703
53698
53698
53696
53695
53688
53673
53673
53669
53667
53651
53651
53647
53632
53625
53623
53613
53605
53603
53584
53566
53558
53551
53546
53543
53540
53536
53523
53516
53490
53490
53485
53485
53485
53478
53454
53448
53443
53433
53429
53420
53419
53416
53410
53404
53397
53392
53372
53354
53353
53351
53342
53341
53335
53332
53331
53324
53323
53316
53315
53309
53305
53298
53295
53288
53281
53278
53261
53257
53247
53227
53226
53226
53200
53199
53196
53190
53188
53156
53139
53138
53088
53063
53056
53046
53045
53044
53044
52998
52975
52974
52952
52949
52932
52925
52897
52895
52891
52866
52852
52851
52849
52844
52842
52827
52825
52822
52822
52820
52815
52815
52797
52791
52781
52780
52772
52763
52757
52744
52738
52734
52696
52684
52665
52653
52651
52650
52628
52615
52602
52590
52556
52546
52532
52532
52512
52503
52492
52474
52469
52445
52437
52434
52432
52432
52430
52391
52382
52378
52372
52358
52356
52356
52345
52313
52307
52305
52304
52299
52299
52285
52247
52246
52243
52232
52223
52214
52162
52141
52138
52135
52131
52085
52069
52057
52041
52034
52028
51994
51985
51982
51978
51974
51968
51968
51967
51961
51955
51933
51931
51923
51918
51893
51892
51881
51879
51835
51825
51822
51803
51784
51777
51771
51753
51748
51744
51737
51734
51734
51730
51722
51703
51689
51676
51671
51633
51602
51591
51571
51564
51564
51560
51548
51545
51531
51528
51527
51496
51484
51477
51467
51459
51455
51436
51429
51421
51414
51395
51395
51392
51387
51384
51383
51374
51360
51350
51347
51345
51322
51316
51314
51305
51285
51277
51273
51249
51246
51235
51223
51214
51209
51205
51196
51177
51174
51171
51167
51158
51150
51139
51128
51105
51061
51057
51050
51048
51047
51045
51043
51012
51002
51001
50996
50992
50976
50972
50956
50947
50936
50906
50896
50892
50887
50885
50880
50880
50836
50827
50812
50811
50810
50809
50809
50797
50793
50753
50749
50747
50746
50733
50728
50707
50699
50696
50688
50681
50663
50628
50623
50612
50602
50595
50590
50590
50590
50556
50548
50529
50525
50520
50495
50488
50486
50481
50476
50466
50462
50437
50420
50415
50412
50406
50398
50396
50372
50358
50348
50346
50336
50336
50334
50327
50315
50311
50307
50295
50281
50281
50267
50244
50244
50238
50233
50228
50183
50183
50181
50180
50178
50167
50158
50147
50133
50120
50116
50108
50104
50103
50095
50093
50076
50072
50069
50056
50054
50041
50041
50039
50020
50010
49994
49982
49981
49966
49959
49950
49937
49927
49917
49905
49877
49876
49869
49854
49852
49845
49840
49835
49820
49819
49806
49805
49804
49770
49754
49738
49735
49730
49727
49723
49707
49704
49702
49672
49655
49639
49632
49630
49621
49610
49598
49561
49532
49530
49528
49519
49477
49474
49473
49464
49449
49438
49424
49382
49367
49363
49340
49339
49327
49307
49304
49287
49270
49258
49240
49240
49235
49232
49232
49231
49208
49203
49201
49189
49183
49183
49174
49159
49155
49154
49151
49148
49148
49135
49132
49115
49111
49106
49083
49056
49050
49046
49039
49039
49029
49021
49013
48985
48960
48920
48919
48897
48895
48886
48884
48879
48873
48866
48857
48853
48835
48833
48814
48804
48795
48786
48782
48764
48762
48741
48733
48722
48721
48720
48705
48679
48660
48651
48636
48632
48632
48619
48618
48580
48570
48556
48556
48550
48517
48517
48501
48499
48496
48493
48490
48467
48463
48458
48443
48443
48438
48436
48434
48433
48417
48413
48408
48399
48387
48380
48361
48347
48344
48323
48286
48252
48239
48236
48226
48225
48222
48222
48210
48190
48179
48178
48175
48159
48140
48135
48133
48119
48114
48086
48066
48065
48057
48033
48030
48030
48015
48010
47990
47964
47958
47948
47930
47912
47906
47898
47894
47893
47891
47886
47883
47875
47870
47866
47865
47834
47832
47804
47804
47795
47778
47773
47754
47753
47753
47741
47732
47723
47721
47716
47715
47710
47692
47682
47677
47672
47658
47634
47631
47629
47626
47624
47617
47603
47575
47568
47564
47559
47549
47532
47526
47524
47519
47516
47513
47474
47461
47420
47411
47400
47377
47332
47315
47288
47286
47276
47272
47216
47216
47207
47204
47201
47189
47180
47179
47176
47170
47163
47161
47138
47131
47124
47097
47095
47078
47076
47055
47041
47037
47030
47024
47023
47012
47000
46989
46989
46987
46980
46979
46976
46972
46967
46948
46945
46896
46885
46884
46870
46868
46867
46844
46840
46828
46802
46787
46786
46777
46775
46768
46763
46745
46737
46725
46724
46721
46698
46696
46676
46665
46663
46658
46639
46629
46619
46582
46575
46568
46553
46549
46532
46522
46517
46514
46512
46504
46493
46469
46468
46467
46466
46466
46466
46445
46420
46373
46372
46363
46340
46335
46332
46326
46321
46317
46305
46296
46283
46267
46265
46258
46256
46255
46228
46225
46216
46215
46210
46179
46174
46164
46157
46154
46145
46133
46129
46128
46108
46099
46099
46095
46094
46082
46063
46033
46032
46027
46016
46009
46000
45966
45933
45933
45916
45915
45909
45899
45860
45856
45815
45798
45795
45790
45786
45784
45780
45775
45768
45764
45747
45739
45737
45727
45716
45715
45703
45687
45676
45669
45668
45664
45654
45647
45644
45640
45617
45614
45614
45604
45592
45574
45555
45553
45553
45546
45508
45492
45478
45462
45460
45445
45442
45439
45431
45429
45417
45405
45397
45395
45394
45391
45371
45353
45349
45336
45293
45278
45267
45248
45242
45239
45239
45233
45217
45209
45169
45163
45144
45138
45137
45136
45128
45125
45121
45120
45112
45111
45110
45109
45079
45073
45070
45063
45046
45042
45039
44988
44987
44981
44976
44972
44970
44966
44947
44944
44943
44942
44917
44917
44892
44890
44886
44880
44845
44836
44830
44824
44820
44816
44811
44810
44800
44796
44774
44762
44718
44718
44695
44681
44668
44660
44645
44630
44618
44613
44606
44602
44589
44581
44560
44559
44548
44538
44532
44526
44461
44459
44453
44448
44438
44429
44424
44418
44409
44408
44403
44378
44365
44343
44336
44336
44335
44335
44320
44309
44292
44279
44241
44229
44199
44195
44193
44185
44166
44158
44145
44137
44108
44107
44104
44101
44097
44074
44066
44036
44033
44026
43988
43986
43972
43967
43964
43957
43949
43946
43943
43932
43910
43903
43889
43882
43856
43845
43828
43821
43806
43802
43795
43774
43769
43755
43753
43751
43732
43712
43709
43706
43704
43686
43685
43660
43652
43637
43625
43621
43614
43612
43600
43599
43584
43576
43572
43555
43501
43493
43480
43471
43464
43460
43456
43443
43434
43427
43417
43413
43404
43401
43398
43393
43391
43391
43367
43356
43349
43342
43335
43328
43325
43314
43308
43302
43289
43282
43258
43241
43240
43209
43205
43191
43187
43181
43172
43170
43154
43154
43153
43150
43141
43131
43131
43128
43125
43116
43108
43106
43101
43100
43094
43091
43090
43085
43080
43079
43071
43057
43057
43049
43043
43040
43026
43023
43011
43003
43001
42985
42971
42967
42956
42952
42948
42942
42925
42922
42897
42882
42862
42857
42807
42788
42780
42778
42767
42749
42748
42735
42734
42718
42712
42710
42703
42702
42690
42688
42672
42644
42629
42627
42627
42587
42566
42560
42554
42550
42547
42541
42532
42519
42507
42498
42494
42489
42487
42449
42416
42408
42379
42354
42350
42344
42330
42308
42296
42293
42280
42246
42227
42225
42212
42212
42200
42183
42183
42168
42167
42089
42079
42072
42062
42062
42042
42038
42037
42029
42027
42020
41989
41983
41982
41971
41961
41960
41956
41950
41929
41913
41905
41888
41886
41882
41852
41849
41848
41829
41828
41807
41784
41783
41782
41780
41760
41750
41739
41728
41723
41721
41700
41692
41680
41679
41667
41664
41652
41647
41646
41639
41636
41628
41625
41625
41624
41608
41579
41578
41576
41525
41491
41477
41462
41459
41432
41428
41412
41409
41393
41390
41383
41372
41365
41357
41357
41353
41344
41336
41332
41313
41295
41294
41263
41260
41237
41209
41207
41206
41203
41196
41191
41182
41178
41177
41175
41154
41151
41149
41144
41143
41141
41141
41126
41125
41113
41110
41081
41073
41054
41021
41020
41019
41012
40998
40996
40977
40973
40952
40941
40910
40884
40864
40861
40860
40840
40796
40777
40777
40774
40763
40747
40737
40723
40705
40673
40670
40665
40664
40664
40663
40659
40657
40655
40651
40648
40645
40643
40634
40622
40615
40608
40605
40604
40596
40581
40572
40560
40527
40524
40521
40487
40467
40457
40448
40448
40412
40399
40398
40387
40366
40337
40328
40307
40298
40295
40289
40287
40271
40264
40258
40258
40254
40245
40245
40234
40212
40204
40194
40187
40183
40170
40163
40154
40128
40127
40105
40085
40080
40071
40070
40052
40049
40046
40040
40026
40026
39994
39990
39951
39948
39936
39906
39879
39872
39863
39847
39800
39778
39762
39762
39761
39755
39754
39750
39744
39740
39736
39736
39718
39718
39683
39659
39653
39647
39644
39642
39628
39620
39614
39583
39583
39570
39567
39566
39534
39511
39511
39497
39492
39488
39486
39484
39483
39448
39432
39429
39425
39410
39401
39391
39387
39381
39368
39367
39363
39360
39352
39299
39271
39246
39216
39207
39202
39198
39186
39175
39172
39170
39168
39167
39157
39147
39132
39131
39105
39099
39081
39069
39052
39045
39023
39016
39001
39000
38998
38997
38994
38976
38975
38971
38956
38955
38950
38949
38946
38941
38935
38930
38926
38905
38870
38859
38851
38845
38844
38819
38797
38793
38775
38765
38754
38748
38737
38715
38695
38680
38676
38672
38671
38659
38648
38642
38637
38635
38628
38614
38609
38594
38593
38592
38591
38585
38575
38571
38567
38565
38554
38537
38511
38508
38486
38483
38455
38444
38434
38433
38428
38409
38399
38393
38385
38376
38366
38360
38322
38319
38313
38310
38300
38290
38286
38271
38268
38262
38244
38232
38225
38224
38217
38206
38204
38191
38188
38175
38160
38152
38148
38145
38139
38137
38135
38133
38114
38092
38090
38067
38043
38032
38030
38024
38022
38015
38012
37984
37976
37976
37964
37952
37952
37943
37926
37895
37871
37868
37848
37843
37812
37801
37794
37777
37775
37767
37757
37751
37696
37694
37688
37685
37674
37653
37640
37636
37631
37625
37621
37619
37597
37595
37594
37592
37586
37582
37574
37573
37568
37558
37551
37529
37522
37509
37509
37492
37489
37476
37470
37451
37449
37440
37414
37409
37404
37397
37382
37381
37378
37377
37372
37367
37366
37365
37357
37357
37340
37339
37336
37333
37327
37324
37315
37292
37288
37284
37276
37266
37263
37253
37245
37211
37209
37204
37204
37190
37180
37179
37129
37126
37125
37120
37113
37109
37100
37086
37083
37073
37069
37045
37035
37028
37027
37026
37011
37006
36997
36987
36980
36980
36972
36972
36959
36948
36922
36914
36878
36874
36867
36866
36866
36865
36858
36845
36815
36803
36792
36790
36785
36773
36763
36762
36757
36715
36708
36707
36691
36689
36683
36667
36659
36653
36652
36638
36634
36607
36599
36592
36588
36577
36559
36558
36542
36530
36510
36509
36509
36466
36463
36449
36448
36445
36440
36436
36435
36434
36414
36413
36407
36399
36398
36394
36387
36382
36382
36381
36341
36331
36328
36328
36318
36310
36291
36285
36280
36273
36268
36264
36253
36243
36230
36225
36221
36215
36208
36205
36192
36187
36185
36181
36164
36159
36121
36107
36107
36104
36092
36077
36068
36046
36028
36005
36001
35998
35972
35935
35897
35895
35879
35873
35837
35836
35830
35811
35810
35795
35795
35792
35791
35790
35783
35780
35767
35762
35753
35741
35732
35725
35724
35717
35712
35706
35693
35684
35676
35670
35659
35650
35644
35640
35636
35634
35608
35600
35598
35541
35539
35529
35509
35500
35494
35494
35480
35468
35456
35452
35446
35446
35377
35370
35368
35364
35364
35360
35337
35332
35328
35325
35319
35317
35312
35303
35293
35290
35290
35286
35259
35244
35240
35236
35231
35231
35228
35223
35220
35220
35219
35210
35208
35205
35205
35193
35190
35180
35172
35170
35155
35154
35143
35139
35134
35127
35121
35120
35108
35073
35067
35061
35035
35026
35025
35024
35007
35006
35006
35001
34996
34969
34961
34957
34943
34941
34895
34881
34867
34867
34850
34839
34828
34819
34786
34771
34756
34752
34734
34715
34708
34701
34676
34657
34643
34634
34627
34623
34623
34622
34610
34560
34559
34557
34556
34536
34524
34520
34515
34497
34478
34463
34443
34442
34411
34401
34363
34357
34351
34341
34323
34318
34298
34297
34297
34288
34283
34275
34260
34256
34240
34240
34221
34212
34204
34196
34187
34169
34150
34143
34141
34115
34095
34079
34071
34042
34032
34022
34021
33969
33964
33945
33944
33919
33918
33900
33893
33889
33884
33861
33859
33858
33855
33854
33843
33831
33789
33778
33774
33756
33752
33749
33740
33738
33722
33721
33708
33692
33666
33652
33650
33648
33619
33615
33610
33608
33602
33594
33593
33593
33589
33575
33571
33564
33563
33555
33551
33547
33542
33541
33516
33510
33507
33493
33484
33478
33467
33450
33439
33435
33434
33430
33424
33419
33410
33403
33400
33396
33370
33370
33367
33352
33348
33329
33322
33303
33301
33299
33298
33289
33283
33273
33268
33264
33258
33257
33213
33208
33203
33174
33173
33165
33145
33110
33107
33103
33102
33094
33084
33053
33052
33022
33016
33011
32994
32975
32974
32970
32958
32919
32912
32909
32902
32895
32892
32889
32868
32860
32850
32848
32847
32841
32830
32816
32807
32799
32787
32772
32764
32749
32728
32724
32723
32723
32704
32704
32665
32663
32661
32656
32645
32620
32612
32607
32600
32599
32591
32578
32575
32571
32566
32565
32563
32552
32551
32536
32534
32534
32527
32523
32522
32521
32518
32494
32480
32478
32469
32464
32463
32454
32451
32448
32448
32429
32426
32418
32406
32382
32365
32345
32315
32295
32234
32224
32215
32206
32205
32201
32191
32190
32173
32172
32168
32167
32164
32158
32157
32146
32142
32122
32114
32114
32109
32097
32094
32092
32090
32087
32073
32048
32047
32041
32041
32031
32027
32008
32007
32003
32000
31994
31990
31965
31948
31946
31946
31940
31938
31937
31936
31933
31927
31912
31910
31894
31890
31890
31879
31873
31857
31849
31841
31837
31825
31819
31816
31808
31798
31791
31786
31784
31774
31745
31725
31722
31718
31715
31705
31702
31697
31674
31667
31648
31640
31637
31623
31620
31613
31610
31609
31597
31584
31581
31540
31539
31535
31519
31506
31495
31492
31490
31480
31479
31471
31451
31444
31442
31428
31418
31416
31413
31405
31393
31381
31373
31373
31352
31337
31337
31308
31298
31291
31289
31286
31270
31264
31253
31250
31237
31228
31223
31222
31219
31219
31191
31170
31159
31156
31154
31152
31149
31130
31110
31101
31100
31097
31089
31086
31079
31042
31033
31032
31002
30999
30998
30994
30993
30953
30950
30942
30938
30934
30924
30883
30864
30863
30841
30839
30831
30827
30825
30823
30819
30813
30812
30797
30781
30768
30766
30729
30727
30724
30708
30680
30670
30650
30647
30646
30646
30645
30640
30637
30625
30622
30618
30615
30613
30610
30609
30608
30607
30576
30553
30549
30541
30537
30534
30529
30521
30516
30512
30496
30461
30454
30431
30429
30421
30420
30406
30404
30382
30377
30373
30344
30340
30323
30317
30313
30312
30301
30270
30256
30238
30235
30235
30232
30218
30205
30186
30184
30181
30180
30179
30176
30159
30148
30146
30110
30091
30089
30087
30084
30077
30077
30073
30059
30057
30040
30021
30014
29994
29990
29979
29969
29962
29957
29941
29935
29931
29930
29926
29875
29867
29861
29857
29853
29849
29838
29821
29797
29768
29748
29741
29734
29734
29725
29686
29669
29662
29645
29642
29640
29639
29636
29616
29607
29606
29590
29588
29567
29519
29500
29490
29457
29455
29443
29442
29431
29427
29410
29405
29384
29373
29367
29361
29358
29334
29327
29279
29274
29272
29227
29222
29212
29196
29185
29180
29170
29166
29164
29154
29129
29117
29086
29073
29070
29065
29057
29047
29038
29005
28981
28962
28958
28941
28940
28938
28934
28925
28909
28869
28857
28844
28842
28839
28828
28823
28821
28802
28778
28772
28751
28747
28745
28723
28710
28695
28672
28666
28654
28623
28603
28601
28599
28594
28590
28581
28550
28544
28528
28518
28501
28496
28486
28470
28469
28467
28464
28455
28434
28400
28391
28387
28382
28373
28373
28370
28351
28306
28304
28304
28298
28298
28294
28277
28273
28260
28254
28252
28245
28238
28222
28213
28209
28205
28198
28195
28193
28188
28176
28171
28170
28167
28153
28143
28125
28124
28099
28089
28088
28088
28080
28075
28062
28055
28050
28044
28044
28004
27993
27986
27973
27949
27939
27938
27938
27936
27932
27904
27898
27893
27891
27872
27862
27861
27846
27843
27842
27833
27828
27823
27816
27809
27804
27792
27787
27773
27763
27747
27719
27719
27715
27712
27703
27677
27661
27650
27650
27633
27625
27605
27597
27566
27536
27517
27516
27512
27512
27505
27495
27483
27478
27472
27470
27470
27460
27449
27444
27444
27443
27419
27381
27377
27372
27371
27355
27354
27349
27347
27323
27318
27314
27297
27286
27285
27272
27267
27255
27245
27237
27237
27233
27208
27166
27157
27157
27141
27140
27119
27118
27113
27112
27111
27107
27099
27099
27095
27084
27064
27058
27051
27048
27042
27038
27036
27034
26995
26959
26944
26928
26877
26876
26845
26827
26824
26817
26808
26807
26786
26773
26767
26764
26755
26748
26742
26739
26720
26719
26718
26718
26716
26710
26703
26696
26692
26691
26680
26679
26661
26656
26652
26648
26634
26631
26630
26627
26624
26623
26604
26597
26583
26580
26558
26551
26546
26510
26507
26503
26499
26499
26489
26488
26481
26477
26472
26445
26440
26437
26427
26425
26420
26409
26369
26361
26361
26360
26333
26327
26321
26297
26296
26293
26240
26231
26202
26190
26182
26181
26175
26174
26160
26144
26123
26109
26106
26106
26088
26087
26057
26051
26051
26047
26029
26018
26009
26009
25995
25984
25968
25958
25955
25911
25899
25898
25892
25869
25867
25865
25865
25855
25841
25830
25820
25819
25819
25818
25816
25810
25807
25806
25803
25799
25771
25767
25754
25753
25732
25731
25700
25684
25676
25672
25671
25654
25648
25630
25627
25617
25612
25609
25605
25602
25599
25596
25593
25591
25567
25552
25547
25547
25538
25526
25526
25523
25523
25522
25517
25506
25498
25488
25465
25464
25462
25452
25451
25449
25440
25427
25424
25387
25385
25382
25380
25360
25346
25326
25325
25323
25315
25306
25279
25264
25252
25240
25217
25196
25178
25174
25166
25140
25118
25114
25098
25089
25082
25081
25070
25064
25058
25050
25044
25035
25030
25023
25005
24990
24956
24942
24941
24932
24925
24923
24904
24902
24886
24881
24875
24866
24851
24849
24847
24830
24825
24814
24811
24809
24802
24791
24788
24774
24771
24758
24754
24742
24732
24709
24705
24699
24692
24687
24685
24684
24680
24665
24646
24640
24638
24627
24618
24615
24612
24611
24586
24582
24579
24577
24572
24571
24553
24535
24533
24531
24530
24526
24517
24511
24507
24504
24490
24484
24459
24448
24446
24442
24427
24418
24410
24406
24393
24380
24379
24375
24373
24373
24372
24365
24352
24345
24336
24331
24327
24327
24326
24325
24324
24292
24284
24279
24277
24268
24254
24249
24247
24240
24219
24208
24207
24200
24175
24173
24157
24144
24127
24127
24126
24115
24110
24070
24066
24062
24058
24058
24044
24034
24033
23992
23992
23985
23968
23934
23934
23892
23888
23879
23878
23878
23840
23821
23797
23792
23792
23785
23780
23760
23750
23750
23748
23735
23687
23685
23684
23681
23663
23658
23628
23621
23611
23585
23555
23534
23515
23508
23502
23482
23477
23472
23465
23464
23430
23420
23380
23375
23369
23364
23353
23333
23306
23296
23295
23295
23292
23291
23285
23278
23271
23251
23239
23234
23231
23210
23193
23180
23144
23118
23106
23095
23091
23088
23083
23079
23072
23061
23050
23013
23012
23010
22947
22933
22917
22902
22899
22898
22894
22876
22871
22861
22857
22832
22825
22823
22798
22798
22785
22777
22774
22773
22769
22761
22746
22743
22743
22719
22715
22712
22685
22684
22675
22662
22661
22647
22645
22637
22623
22620
22615
22610
22598
22597
22594
22570
22565
22549
22543
22540
22530
22474
22474
22473
22457
22440
22437
22433
22410
22404
22395
22364
22361
22359
22331
22323
22298
22275
22266
22257
22227
22207
22206
22204
22190
22188
22181
22172
22156
22140
22121
22116
22112
22097
22091
22088
22086
22047
22043
22025
22021
22020
22016
22012
22005
22005
22004
21991
21971
21961
21950
21947
21946
21941
21934
21930
21929
21919
21896
21868
21864
21851
21805
21792
21780
21773
21745
21744
21716
21707
21705
21705
21702
21692
21689
21687
21685
21666
21659
21644
21639
21631
21623
21601
21585
21580
21544
21536
21535
21526
21523
21513
21502
21499
21483
21480
21470
21467
21459
21453
21435
21409
21372
21369
21357
21346
21324
21289
21273
21269
21261
21261
21259
21254
21223
21201
21197
21195
21192
21190
21181
21176
21174
21169
21160
21151
21122
21115
21101
21101
21099
21097
21097
21085
21077
21077
21053
21052
21046
21006
21001
21000
20991
20983
20972
20967
20936
20930
20927
20924
20915
20910
20898
20888
20880
20880
20856
20854
20832
20821
20813
20810
20809
20761
20754
20752
20740
20732
20728
20709
20709
20706
20705
20692
20692
20685
20678
20664
20656
20638
20635
20632
20623
20621
20614
20612
20603
20600
20589
20567
20538
20522
20491
20486
20481
20469
20463
20449
20448
20448
20445
20434
20428
20416
20396
20390
20379
20377
20366
20364
20354
20347
20345
20335
20327
20304
20271
20239
20237
20231
20225
20218
20218
20217
20213
20209
20207
20192
20180
20153
20149
20144
20134
20115
20093
20087
20078
20069
20061
20054
20053
20047
20044
20028
20026
20022
20013
20012
20002
20000
19984
19981
19972
19970
19916
19912
19907
19902
19902
19900
19893
19884
19876
19875
19866
19850
19849
19846
19824
19815
19801
19793
19775
19743
19736
19699
19697
19693
19678
19648
19640
19637
19623
19618
19590
19589
19583
19579
19575
19574
19552
19534
19533
19521
19512
19498
19491
19480
19471
19468
19464
19452
19421
19400
19398
19387
19378
19373
19361
19356
19340
19339
19331
19309
19290
19284
19282
19271
19259
19255
19247
19217
19211
19202
19195
19192
19188
19186
19163
19159
19138
19130
19121
19118
19117
19112
19108
19107
19098
19092
19085
19054
19034
19010
18990
18979
18975
18965
18964
18962
18960
18957
18955
18920
18919
18910
18904
18896
18891
18880
18877
18877
18876
18865
18863
18854
18839
18838
18823
18822
18809
18806
18803
18801
18797
18787
18775
18752
18751
18741
18738
18731
18717
18710
18707
18706
18700
18632
18613
18607
18603
18588
18587
18573
18544
18541
18530
18503
18484
18475
18468
18460
18459
18444
18443
18443
18441
18439
18420
18408
18385
18384
18376
18373
18361
18358
18347
18347
18338
18293
18287
18276
18254
18249
18247
18242
18242
18221
18221
18210
18201
18200
18198
18189
18158
18153
18152
18143
18142
18136
18130
18129
18128
18100
18082
18070
18068
18031
18027
18027
18010
18008
17995
17962
17949
17937
17923
17923
17912
17907
17905
17905
17893
17891
17887
17884
17878
17873
17871
17870
17818
17804
17804
17798
17798
17786
17769
17762
17760
17754
17746
17709
17685
17676
17669
17667
17645
17639
17633
17624
17622
17620
17609
17578
17572
17571
17566
17559
17550
17527
17524
17489
17488
17477
17474
17465
17447
17423
17421
17413
17411
17364
17342
17340
17339
17331
17317
17315
17314
17309
17305
17292
17271
17270
17259
17245
17237
17235
17231
17229
17210
17183
17181
17180
17176
17168
17164
17158
17155
17140
17139
17120
17109
17103
17077
17074
17063
17061
17059
17040
17028
17022
17013
17006
16986
16955
16948
16941
16938
16930
16897
16896
16891
16890
16882
16876
16871
16854
16846
16834
16833
16833
16825
16815
16808
16799
16792
16752
16752
16749
16746
16746
16739
16727
16726
16721
16719
16706
16684
16679
16671
16646
16616
16615
16612
16605
16580
16576
16575
16575
16553
16553
16546
16534
16533
16531
16524
16521
16500
16484
16480
16470
16450
16447
16444
16442
16441
16412
16391
16391
16366
16330
16328
16311
16305
16279
16260
16248
16247
16207
16195
16186
16180
16163
16145
16141
16137
16122
16115
16110
16089
16086
16078
16078
16078
16076
16071
16052
16044
16044
16032
16026
16011
16011
15987
15970
15968
15966
15960
15954
15953
15951
15950
15937
15934
15917
15913
15913
15908
15898
15895
15894
15890
15859
15836
15831
15823
15822
15819
15810
15810
15809
15805
15791
15791
15786
15780
15780
15769
15765
15760
15740
15732
15720
15716
15714
15707
15705
15687
15686
15669
15656
15655
15633
15627
15617
15592
15578
15576
15566
15559
15552
15543
15533
15532
15514
15502
15482
15477
15472
15439
15436
15434
15431
15425
15420
15416
15414
15404
15397
15396
15372
15360
15356
15355
15354
15317
15311
15290
15272
15263
15249
15245
15238
15219
15213
15203
15203
15191
15186
15181
15143
15143
15142
15135
15117
15111
15091
15083
15082
15073
15056
15024
15019
15019
15016
15012
15000
14997
14995
14987
14979
14955
14941
14930
14907
14898
14893
14892
14890
14888
14881
14879
14861
14851
14850
14844
14840
14828
14828
14819
14815
14801
14797
14796
14792
14782
14757
14748
14747
14712
14708
14707
14702
14662
14656
14637
14632
14622
14616
14610
14609
14601
14597
14588
14577
14573
14551
14549
14546
14537
14533
14525
14501
14454
14454
14434
14431
14422
14413
14410
14404
14401
14400
14388
14380
14379
14375
14373
14365
14357
14347
14343
14321
14312
14311
14289
14269
14256
14252
14237
14226
14214
14211
14195
14193
14192
14182
14176
14172
14153
14151
14132
14130
14104
14095
14088
14084
14083
14081
14080
14078
14077
14067
14063
14026
14015
13989
13982
13962
13962
13932
13915
13913
13869
13869
13862
13856
13839
13834
13823
13808
13788
13782
13780
13777
13773
13771
13756
13742
13729
13708
13699
13690
13671
13656
13655
13655
13637
13633
13626
13625
13623
13613
13590
13578
13574
13572
13570
13564
13549
13544
13531
13472
13458
13457
13451
13449
13448
13446
13425
13403
13385
13367
13364
13355
13353
13350
13345
13313
13311
13305
13303
13283
13264
13258
13245
13221
13218
13211
13206
13205
13188
13183
13181
13169
13160
13141
13134
13127
13124
13118
13114
13105
13087
13071
13070
13064
13061
13039
13010
12981
12959
12958
12926
12914
12909
12902
12900
12894
12886
12878
12873
12870
12862
12851
12848
12827
12803
12798
12795
12788
12773
12752
12743
12707
12692
12680
12671
12668
12664
12654
12650
12642
12637
12625
12607
12587
12569
12564
12564
12554
12552
12549
12543
12537
12526
12523
12520
12511
12502
12501
12494
12482
12473
12472
12471
12468
12468
12461
12446
12436
12436
12411
12407
12402
12364
12358
12353
12341
12336
12317
12299
12276
12272
12268
12264
12264
12246
12245
12242
12240
12237
12224
12207
12201
12176
12170
12167
12161
12151
12133
12097
12094
12093
12077
12076
12072
12061
12059
12045
12037
12037
12031
12023
12015
12002
12001
11985
11981
11965
11954
11948
11937
11922
11919
11907
11903
11882
11880
11865
11863
11849
11843
11841
11831
11830
11810
11808
11795
11784
11764
11763
11729
11690
11680
11677
11664
11664
11632
11621
11608
11587
11584
11583
11562
11557
11553
11513
11509
11503
11499
11484
11461
11461
11459
11458
11457
11456
11455
11452
11452
11445
11442
11418
11405
11397
11393
11388
11372
11368
11368
11359
11350
11346
11308
11300
11299
11295
11279
11256
11211
11207
11191
11181
11154
11153
11152
11143
11127
11127
11115
11095
11072
11060
11053
11044
11043
11040
11039
11020
11002
10996
10994
10990
10989
10985
10959
10955
10950
10927
10912
10911
10910
10889
10888
10883
10854
10847
10838
10832
10824
10802
10801
10786
10769
10755
10751
10738
10714
10710
10708
10704
10701
10691
10683
10681
10662
10660
10646
10637
10608
10585
10571
10561
10561
10553
10546
10531
10531
10508
10492
10486
10446
10429
10424
10416
10416
10388
10379
10371
10370
10369
10363
10360
10356
10349
10318
10304
10302
10294
10284
10273
10267
10243
10240
10224
10192
10186
10167
10154
10149
10143
10142
10140
10132
10131
10124
10082
10049
10047
10041
10035
10029
10027
10021
10017
10012
9996
9996
9971
9969
9954
9942
9919
9892
9889
9883
9878
9863
9852
9844
9807
9807
9794
9792
9789
9789
9787
9785
9783
9766
9759
9736
9734
9704
9703
9703
9697
9680
9670
9670
9650
9648
9638
9632
9623
9619
9601
9596
9581
9573
9570
9568
9561
9559
9551
9549
9547
9536
9534
9524
9506
9504
9488
9467
9455
9451
9451
9424
9400
9395
9389
9387
9381
9349
9330
9311
9302
9301
9283
9276
9274
9264
9260
9246
9245
9230
9219
9216
9212
9205
9197
9174
9172
9166
9160
9157
9156
9153
9139
9136
9135
9097
9090
9086
9084
9079
9076
9073
9057
9054
9044
9043
9042
9007
8996
8995
8969
8966
8958
8938
8912
8905
8900
8896
8866
8853
8850
8843
8841
8828
8823
8809
8799
8798
8797
8793
8792
8778
8777
8772
8769
8760
8741
8721
8718
8712
8701
8699
8698
8694
8685
8675
8675
8666
8662
8658
8657
8653
8652
8647
8632
8628
8624
8620
8612
8610
8607
8573
8564
8564
8563
8561
8557
8539
8509
8506
8498
8497
8490
8473
8437
8437
8435
8430
8405
8373
8359
8350
8337
8334
8308
8306
8294
8294
8288
8270
8262
8261
8260
8245
8227
8226
8189
8181
8180
8174
8168
8125
8121
8118
8102
8097
8096
8092
8077
8075
8064
8041
8037
8025
8018
8011
8009
8008
7985
7977
7975
7972
7951
7950
7949
7946
7945
7941
7927
7914
7914
7907
7896
7892
7891
7873
7871
7864
7856
7841
7841
7838
7808
7789
7788
7783
7782
7779
7770
7757
7722
7716
7699
7693
7669
7656
7606
7605
7594
7586
7561
7551
7531
7519
7502
7501
7498
7481
7454
7448
7447
7441
7432
7418
7416
7411
7405
7404
7390
7387
7378
7371
7369
7344
7317
7306
7294
7285
7285
7251
7214
7212
7200
7192
7182
7161
7157
7148
7130
7097
7093
7089
7080
7079
7065
7054
7052
7044
7030
7020
7017
7013
7010
7007
6995
6995
6987
6910
6908
6898
6883
6874
6862
6854
6839
6820
6819
6813
6792
6782
6781
6772
6768
6716
6708
6699
6694
6687
6667
6656
6648
6629
6613
6580
6577
6556
6544
6533
6525
6519
6508
6469
6465
6461
6444
6439
6438
6435
6426
6414
6370
6363
6359
6356
6355
6336
6336
6309
6300
6297
6296
6274
6272
6249
6239
6238
6237
6227
6213
6198
6193
6176
6167
6144
6132
6125
6125
6120
6113
6107
6094
6092
6091
6054
6035
6031
6026
5981
5967
5964
5954
5940
5935
5934
5934
5926
5922
5921
5919
5918
5907
5878
5868
5861
5861
5858
5854
5841
5824
5815
5813
5797
5775
5771
5743
5735
5723
5719
5693
5686
5618
5615
5607
5607
5586
5585
5585
5571
5544
5542
5539
5538
5532
5529
5527
5526
5521
5521
5511
5509
5481
5465
5453
5442
5433
5428
5417
5406
5403
5398
5389
5384
5379
5378
5362
5345
5329
5324
5309
5306
5292
5291
5284
5280
5270
5262
5231
5230
5228
5219
5216
5215
5208
5206
5192
5189
5184
5154
5151
5147
5120
5120
5119
5118
5107
5100
5093
5092
5085
5075
5066
5065
5060
5058
5044
5043
5034
5025
5019
5018
5009
4993
4980
4979
4976
4971
4949
4941
4930
4924
4918
4916
4915
4903
4900
4891
4879
4877
4870
4854
4846
4845
4835
4833
4829
4817
4813
4809
4807
4796
4787
4766
4751
4744
4716
4708
4702
4697
4691
4684
4680
4678
4670
4666
4660
4653
4629
4618
4617
4607
4600
4595
4581
4567
4564
4561
4531
4525
4518
4513
4506
4500
4488
4481
4479
4417
4415
4412
4411
4367
4356
4334
4333
4327
4319
4317
4314
4299
4288
4284
4276
4249
4236
4231
4228
4220
4201
4199
4196
4152
4152
4131
4116
4110
4101
4101
4092
4090
4090
4061
4056
4053
4044
4038
4024
4024
4021
3962
3905
3904
3886
3881
3870
3847
3833
3832
3826
3807
3801
3799
3792
3791
3790
3781
3775
3765
3758
3753
3744
3743
3727
3683
3656
3655
3650
3644
3637
3637
3613
3606
3592
3584
3560
3550
3546
3534
3519
3517
3507
3466
3465
3458
3454
3450
3392
3380
3365
3341
3333
3311
3299
3285
3260
3257
3244
3242
3212
3191
3187
3167
3164
3163
3161
3137
3123
3108
3105
3085
3076
3071
3070
3050
3043
3039
3031
3027
3026
3015
3012
3010
3008
3002
2995
2995
2941
2924
2915
2907
2902
2898
2889
2889
2879
2876
2875
2853
2836
2823
2804
2776
2767
2765
2761
2753
2701
2699
2652
2649
2633
2618
2617
2613
2607
2600
2597
2586
2576
2556
2546
2529
2525
2505
2495
2495
2465
2451
2426
2426
2419
2419
2416
2397
2382
2362
2360
2352
2336
2315
2307
2292
2280
2260
2254
2247
2240
2237
2210
2199
2190
2181
2178
2176
2169
2149
2143
2142
2140
2135
2134
2112
2093
2084
2067
2061
2054
2052
2036
1997
1987
1984
1979
1953
1948
1939
1907
1888
1880
1863
1860
1858
1854
1841
1821
1814
1802
1794
1793
1785
1758
1758
1755
1736
1734
1734
1725
1696
1679
1673
1669
1633
1630
1629
1617
1612
1566
1559
1559
1546
1540
1533
1530
1507
1504
1501
1491
1485
1485
1467
1453
1430
1429
1420
1415
1406
1397
1394
1394
1388
1379
1371
1362
1344
1337
1314
1308
1303
1292
1286
1251
1232
1231
1194
1188
1183
1176
1141
1134
1127
1123
1122
1116
1101
1099
1060
1029
1025
1014
1006
986
978
975
974
962
959
906
905
879
875
865
840
828
817
783
779
749
748
734
725
709
678
673
669
662
653
622
618
617
607
595
593
558
550
540
529
505
502
495
480
441
441
438
421
419
417
414
412
406
378
377
372
363
350
343
331
329
328
327
310
295
282
281
264
250
244
242
220
213
203
196
183
174
143
139
122
109
99
91
73
50
40
10
5
